t,s,l,time,newtime,rssi
0,0,0,408,799,-46

0,2,2,522,898,-46

0,3,3,572,900,-46

0,4,4,622,929,-46

0,5,5,672,24,-82

0,6,6,747,74,-85

0,7,7,810,76,-47

0,8,8,882,121,-46

0,9,9,932,164,-83

0,10,10,994,166,-88

0,11,11,49,198,-46

0,12,12,107,347,-46

0,13,13,171,472,-46

0,14,14,213,473,-46

0,15,15,264,475,-46

0,16,16,324,594,-86

0,17,17,444,735,-47

0,19,18,563,839,-47

0,21,19,644,850,-47

0,22,20,695,852,-83

0,23,21,745,885,-88

0,24,22,807,927,-84

0,25,23,868,953,-46

0,26,24,920,14,-46

0,28,25,16,150,-82

0,29,26,64,180,-82

0,30,27,115,372,-84

0,31,28,171,438,-46

0,32,29,216,440,-46

0,33,30,266,442,-46

0,34,31,316,454,-84

0,35,32,382,563,-46

0,36,33,445,616,-46

0,38,34,548,636,-83

0,39,35,595,767,-46

0,41,36,691,819,-46

0,42,37,749,861,-83

0,43,38,804,896,-82

0,44,39,858,936,-82

0,45,40,904,981,-46

0,46,41,959,64,-84

0,48,42,66,164,-81

0,49,43,132,379,-46

0,50,44,170,516,-46

0,51,45,219,558,-46

0,52,46,270,559,-46

0,53,47,320,594,-46

0,54,48,376,596,-84

0,55,49,421,662,-46

0,56,50,504,834,-46

0,57,51,602,936,-46

0,59,52,686,938,-46

0,60,53,735,994,-84

0,61,54,812,55,-46

0,62,55,892,90,-83

0,64,56,17,115,-46

0,65,57,58,146,-83

0,66,58,111,181,-86

0,67,59,159,400,-50

0,69,60,257,449,-50

0,70,61,307,451,-26

0,71,62,357,628,-50

0,72,63,421,639,-53

0,73,64,463,678,-53

0,74,65,513,680,-53

0,75,66,564,830,-81

0,76,67,631,906,-81

0,78,68,728,915,-81

0,79,69,778,955,-81

0,80,70,832,983,-50

0,81,71,896,21,-83

0,82,72,952,69,-46

0,83,73,994,101,-84

0,84,74,49,139,-83

0,85,75,103,196,-83

0,86,76,163,446,-46

0,88,77,251,450,-90

0,89,78,302,510,-90

0,90,79,353,518,-90

0,91,80,408,548,-91

0,92,81,456,591,-46

0,93,82,513,635,-84

0,94,83,558,685,-84

0,95,84,611,713,-83

0,96,85,679,844,-46

0,98,86,763,927,-46

0,99,87,818,32,-47

0,100,88,884,181,-48

0,101,89,954,283,-82

0,102,90,4,284,-48

0,103,91,62,366,-83

0,104,92,128,383,-48

0,105,93,189,482,-46

0,106,94,265,542,-46

0,107,95,325,607,-46

0,109,96,451,653,-84

0,110,97,505,655,-81

0,111,98,554,687,-48

0,112,99,610,707,-81

0,113,100,664,741,-81

0,114,101,715,777,-83

0,115,102,767,146,-46

0,116,103,814,182,-46

0,117,104,864,205,-46

0,118,105,914,206,-46

0,119,106,964,208,-46

0,120,107,17,227,-86

0,121,108,64,238,-86

0,122,109,134,283,-51

0,123,110,193,309,-85

0,125,111,280,342,-85

0,126,112,328,421,-82

0,127,113,376,461,-82

0,128,114,427,502,-83

0,129,115,479,571,-83

0,130,116,552,678,-45

0,131,117,589,702,-45

0,132,118,639,883,-83

0,133,119,694,957,-35

0,134,120,740,959,-35

0,135,121,790,961,-35

0,136,122,839,972,-35

0,137,123,908,81,-27

0,138,124,964,114,-27

0,140,125,54,141,-89

0,141,126,110,179,-85

0,142,127,156,215,-79

0,143,128,212,489,-24

0,144,129,258,583,-24

0,145,130,308,615,-24

0,146,131,361,616,-24

0,147,132,409,628,-24

0,148,133,459,681,-87

0,149,134,508,683,-79

0,150,135,590,53,-13

0,151,136,635,157,-13

0,153,137,729,183,-13

0,154,138,779,184,-13

0,155,139,829,186,-13

0,156,140,878,188,-83

0,157,141,970,378,-12

0,158,142,105,460,-12

0,159,143,175,496,-78

0,161,144,263,511,-12

0,162,145,307,520,-11

0,163,146,382,739,-11

0,164,147,484,791,-11

0,166,148,555,801,-11

0,167,149,605,802,-11

0,168,150,655,838,-11

0,169,151,710,862,-75

0,170,152,778,884,-84

0,171,153,829,132,-9

0,173,154,923,256,-9

0,174,155,973,284,-9

0,175,156,23,302,-9

0,176,157,72,304,-9

0,177,158,129,316,-85

0,178,159,174,335,-78

0,179,160,246,555,-8

0,181,161,347,625,-8

0,182,162,395,627,-8

0,183,163,446,629,-8

0,184,164,496,660,-79

0,185,165,560,690,-7

0,186,166,620,718,-78

0,187,167,664,745,-75

0,188,168,715,781,-86

0,189,169,759,814,-86

0,190,170,812,891,-79

0,191,171,857,936,-75

0,192,172,908,975,-87

0,193,173,961,16,-87

0,194,174,18,90,-85

0,195,175,64,141,-74

0,196,176,113,173,-80

0,197,177,171,363,-8

0,198,178,217,413,-8

0,199,179,267,415,-8

0,200,180,318,453,-8

0,201,181,375,497,-76

0,202,182,423,542,-86

0,203,183,473,780,-86

0,204,184,526,829,-9

0,205,185,574,833,-9

0,206,186,623,906,-9

0,207,187,674,907,-9

0,208,188,723,909,-9

0,209,189,796,948,-85

0,210,190,844,967,-85

0,211,191,913,178,-8

0,213,192,9,273,-8

0,214,193,60,287,-8

0,215,194,110,295,-8

0,216,195,164,383,-8

0,218,196,280,447,-8

0,220,197,374,498,-8

0,221,198,420,531,-8

0,222,199,475,569,-83

0,223,200,529,603,-79

0,224,201,575,651,-85

0,225,202,625,704,-85

0,226,203,677,743,-81

0,227,204,729,853,-84

0,228,205,777,894,-84

0,229,206,830,9,-8

0,230,207,884,62,-8

0,232,208,980,105,-84

0,233,209,34,132,-8

0,234,210,90,201,-9

0,235,211,139,255,-8

0,236,212,203,304,-82

0,237,213,253,333,-8

0,238,214,306,378,-81

0,239,215,356,415,-8

0,240,216,413,495,-80

0,241,217,459,541,-82

0,242,218,513,574,-82

0,243,219,566,654,-82

0,245,220,661,812,-8

0,246,221,712,870,-8

0,247,222,762,878,-8

0,248,223,814,906,-87

0,249,224,874,939,-9

0,250,225,917,975,-87

0,251,226,971,229,-8

0,252,227,17,324,-8

0,253,228,68,350,-8

0,254,229,118,362,-8

0,255,230,170,363,-8

0,256,231,227,412,-83

0,257,232,280,416,-87

0,258,233,355,456,-88

0,259,234,403,499,-87

0,260,235,448,536,-8

0,261,236,501,576,-8

0,262,237,553,616,-8

0,263,238,603,876,-8

0,265,239,702,888,-8

0,266,240,752,896,-67

0,267,241,803,66,-67

0,268,242,869,113,-8

0,270,243,958,115,-8

0,271,244,7,138,-8

0,272,245,72,247,-8

0,273,246,127,296,-8

0,275,247,220,335,-8

0,276,248,273,375,-8

0,277,249,330,430,-83

0,278,250,376,469,-9

0,279,251,436,500,-86

0,280,252,486,666,-8

0,281,253,535,734,-8

0,282,254,587,738,-8

0,283,255,639,861,-8

0,284,256,697,946,-8

0,286,257,803,951,-8

0,287,258,858,982,-82

0,288,259,904,24,-8

0,289,260,958,45,-84

0,290,261,15,271,-8

0,291,262,59,384,-8

0,292,263,109,412,-8

0,293,264,162,428,-8

0,294,265,211,430,-8

0,295,266,269,442,-9

0,296,267,322,469,-82

0,297,268,399,717,-90

0,298,269,446,755,-90

0,300,270,536,771,-90

0,301,271,586,935,-90

0,302,272,636,937,-90

0,303,273,708,967,-8

0,304,274,773,976,-8

0,305,275,810,977,-8

0,306,276,866,4,-83

0,307,277,948,136,-8

0,308,278,992,156,-8

0,310,279,90,293,-8

0,312,280,206,335,-8

0,313,281,257,360,-8

0,314,282,308,397,-8

0,315,283,362,501,-8

0,316,284,413,534,-8

0,317,285,463,572,-86

0,318,286,515,599,-86

0,319,287,570,650,-82

0,320,288,616,692,-79

0,321,289,666,740,-86

0,322,290,716,775,-86

0,323,291,771,908,-8

0,324,292,817,934,-8

0,325,293,868,968,-87

0,326,294,922,10,-87

0,327,295,970,137,-8

0,328,296,32,157,-92

0,329,297,81,337,-8

0,330,298,139,386,-8

0,331,299,184,387,-8

0,332,300,235,402,-8

0,333,301,286,410,-8

0,334,302,358,521,-8

0,336,303,446,571,-8

0,337,304,496,612,-87

0,338,305,546,630,-79

0,339,306,606,730,-9

0,341,307,699,776,-85

0,342,308,753,825,-8

0,343,309,799,888,-83

0,344,310,850,133,-9

0,345,311,901,220,-8

0,346,312,951,227,-8

0,347,313,2,228,-8

0,348,314,51,230,-8

0,349,315,102,363,-86

0,350,316,157,480,-8

0,351,317,223,491,-8

0,352,318,258,511,-8

0,353,319,309,512,-8

0,354,320,385,612,-8

0,355,321,469,674,-81

0,356,322,515,716,-81

0,357,323,574,738,-8

0,358,324,638,763,-85

0,359,325,681,785,-8

0,360,326,732,815,-81

0,361,327,781,852,-8

0,362,328,827,894,-81

0,363,329,881,932,-81

0,364,330,933,176,-8

0,365,331,982,234,-8

0,366,332,33,240,-8

0,367,333,83,242,-8

0,368,334,134,243,-8

0,369,335,199,364,-8

0,370,336,246,416,-8

0,372,337,340,453,-85

0,373,338,392,491,-85

0,374,339,445,774,-81

0,375,340,493,875,-8

0,376,341,542,931,-8

0,377,342,592,933,-8

0,378,343,642,954,-8

0,379,344,693,955,-8

0,380,345,743,40,-87

0,381,346,802,58,-8

0,382,347,896,220,-8

0,383,348,960,227,-8

0,384,349,32,277,-8

0,386,350,107,279,-8

0,387,351,158,309,-83

0,388,352,229,357,-8

0,389,353,281,394,-84

0,391,354,395,698,-8

0,392,355,444,724,-8

0,393,356,495,726,-8

0,394,357,546,744,-8

0,395,358,614,844,-8

0,396,359,717,851,-8

0,397,360,746,883,-85

0,398,361,802,904,-79

0,399,362,846,931,-85

0,400,363,896,969,-85

0,401,364,941,37,-8

0,402,365,994,109,-81

0,404,366,107,197,-82

0,405,367,155,438,-8

0,407,368,263,523,-8

0,408,369,313,527,-8

0,409,370,364,529,-8

0,410,371,422,615,-9

0,411,372,480,666,-8

0,412,373,531,673,-8

0,413,374,577,698,-81

0,414,375,628,819,-81

0,415,376,685,869,-8

0,417,377,786,874,-81

0,418,378,837,900,-81

0,419,379,888,28,-8

0,420,380,936,53,-8

0,421,381,986,99,-82

0,422,382,41,118,-82

0,423,383,95,251,-8

0,424,384,139,285,-8

0,425,385,190,352,-8

0,426,386,247,415,-8

0,427,387,293,429,-81

0,428,388,354,664,-8

0,429,389,412,667,-8

0,431,390,496,765,-8

0,432,391,546,781,-8

0,433,392,596,783,-8

0,434,393,656,791,-79

0,435,394,698,811,-83

0,436,395,772,60,-8

0,437,396,813,145,-8

0,438,397,859,176,-8

0,439,398,910,185,-8

0,440,399,959,192,-8

0,441,400,9,193,-8

0,442,401,62,217,-77

0,443,402,137,257,-9

0,444,403,204,299,-81

0,446,404,288,459,-9

0,448,405,384,487,-9

0,449,406,434,528,-83

0,450,407,489,680,-83

0,451,408,538,686,-8

0,452,409,589,711,-8

0,453,410,639,895,-81

0,454,411,694,909,-8

0,455,412,740,918,-8

0,456,413,790,938,-8

0,457,414,840,87,-83

0,458,415,901,145,-8

0,459,416,941,147,-8

0,460,417,991,148,-8

0,461,418,41,155,-8

0,462,419,102,304,-8

0,464,420,203,308,-8

0,465,421,253,352,-8

0,466,422,310,377,-80

0,467,423,364,450,-84

0,469,424,461,689,-8

0,470,425,512,760,-8

0,471,426,562,773,-8

0,472,427,612,781,-8

0,473,428,663,843,-82

0,474,429,720,875,-8

0,475,430,775,962,-79

0,476,431,846,28,-81

0,477,432,893,103,-8

0,478,433,964,129,-8

0,480,434,78,182,-83

0,481,435,131,187,-83

0,482,436,184,308,-9

0,483,437,229,332,-9

0,484,438,279,358,-83

0,485,439,334,522,-8

0,486,440,381,554,-8

0,487,441,432,555,-8

0,488,442,483,613,-82

0,489,443,549,629,-8

0,490,444,596,657,-82

0,491,445,650,241,-8

0,492,446,696,243,-8

0,493,447,746,255,-8

0,494,448,796,257,-8

0,495,449,846,259,-8

0,496,450,898,260,-83

0,497,451,965,293,-81

0,498,452,144,551,-8

0,502,453,325,650,-8

0,503,454,378,674,-8

0,504,455,428,676,-8

0,505,456,478,684,-83

0,506,457,531,686,-83

0,507,458,580,710,-8

0,508,459,660,739,-8

0,509,460,706,784,-82

0,510,461,752,843,-82

0,511,462,804,922,-83

0,512,463,852,969,-80

0,513,464,913,22,-83

0,514,465,967,53,-8

0,515,466,18,89,-82

0,516,467,64,134,-79

0,517,468,117,173,-84

0,518,469,171,358,-8

0,519,470,217,394,-8

0,520,471,268,395,-8

0,521,472,318,564,-8

0,522,473,381,611,-8

0,523,474,423,613,-8

0,524,475,472,614,-8

0,525,476,523,640,-8

0,526,477,592,773,-8

0,528,478,681,786,-8

0,529,479,731,871,-8

0,530,480,788,876,-79

0,531,481,838,901,-83

0,532,482,892,171,-8

0,533,483,939,264,-85

0,534,484,989,271,-85

0,535,485,39,273,-85

0,536,486,89,274,-85

0,537,487,139,376,-85

0,538,488,195,435,-8

0,539,489,267,446,-8

0,540,490,303,452,-8

0,541,491,357,588,-9

0,542,492,415,672,-8

0,543,493,471,684,-8

0,544,494,508,686,-8

0,545,495,562,696,-8

0,546,496,620,787,-8

0,547,497,689,852,-8

0,549,498,784,891,-81

0,550,499,833,932,-8

0,551,500,887,202,-8

0,552,501,935,267,-8

0,553,502,985,269,-8

0,554,503,35,271,-8

0,555,504,85,278,-8

0,556,505,135,300,-84

0,557,506,196,404,-68

0,558,507,259,441,-83

0,559,508,302,443,-83

0,560,509,348,503,-83

0,561,510,406,506,-79

0,563,511,508,572,-79

0,564,512,560,609,-8

0,565,513,611,650,-81

0,566,514,660,813,-8

0,567,515,710,865,-8

0,568,516,761,870,-8

0,569,517,814,898,-83

0,570,518,873,933,-8

0,571,519,921,971,-81

0,572,520,973,218,-9

0,573,521,21,358,-9

0,574,522,72,380,-9

0,575,523,123,382,-9

0,576,524,173,390,-9

0,577,525,223,392,-83

0,578,526,278,420,-82

0,579,527,368,639,-8

0,580,528,403,687,-8

0,582,529,496,688,-8

0,583,530,546,693,-8

0,584,531,597,835,-8

0,585,532,666,883,-8

0,586,533,706,887,-8

0,587,534,756,889,-81

0,588,535,807,945,-83

0,589,536,872,994,-8

0,590,537,910,241,-84

0,591,538,966,334,-9

0,592,539,15,366,-9

0,593,540,66,383,-9

0,594,541,117,385,-9

0,595,542,167,386,-9

0,596,543,217,396,-73

0,597,544,267,417,-79

0,598,545,350,656,-8

0,599,546,403,758,-8

0,601,547,492,779,-8

0,602,548,542,789,-8

0,603,549,592,791,-8

0,604,550,648,813,-82

0,605,551,695,856,-9

0,606,552,768,931,-8

0,608,553,857,974,-82

0,609,554,907,16,-8

0,610,555,961,264,-83

0,611,556,14,372,-8

0,612,557,61,402,-8

0,613,558,112,419,-8

0,614,559,163,420,-8

0,615,560,213,422,-8

0,616,561,266,429,-81

0,617,562,321,474,-8

0,618,563,387,499,-8

0,620,564,478,529,-84

0,621,565,531,575,-8

0,622,566,580,653,-81

0,623,567,634,694,-8

0,624,568,685,732,-84

0,625,569,733,808,-82

0,626,570,783,855,-82

0,627,571,835,890,-8

0,628,572,888,928,-83

0,629,573,935,97,-64

0,630,574,985,126,-64

0,631,575,36,127,-80

0,632,576,93,168,-79

0,633,577,138,211,-82

0,634,578,187,254,-82

0,635,579,242,291,-9

0,636,580,292,376,-81

0,637,581,341,441,-8

0,638,582,395,491,-79

0,640,583,494,570,-83

0,641,584,544,614,-8

0,642,585,596,663,-83

0,643,586,656,11,-8

0,644,587,695,37,-8

0,645,588,746,63,-8

0,646,589,796,65,-8

0,647,590,846,74,-8

0,648,591,897,76,-81

0,649,592,947,100,-9

0,650,593,25,131,-8

0,651,594,80,168,-82

0,653,595,171,210,-8

0,654,596,221,293,-85

0,655,597,274,333,-8

0,656,598,325,372,-82

0,657,599,374,527,-8

0,658,600,423,555,-8

0,659,601,473,607,-8

0,660,602,530,621,-79

0,661,603,577,648,-83

0,662,604,626,691,-83

0,663,605,680,730,-8

0,664,606,732,815,-79

0,665,607,781,879,-9

0,666,608,833,917,-81

0,667,609,898,135,-8

0,668,610,945,199,-8

0,669,611,996,205,-8

0,670,612,47,206,-8

0,671,613,97,235,-82

0,672,614,154,339,-95

0,673,615,208,363,-8

0,675,616,303,383,-82

0,676,617,359,411,-82

0,677,618,409,450,-82

0,678,619,455,531,-79

0,679,620,506,576,-82

0,680,621,558,612,-81

0,681,622,610,651,-8

0,682,623,657,731,-90

0,683,624,708,774,-80

0,684,625,761,809,-82

0,685,626,811,935,-8

0,686,627,860,977,-82

0,687,628,911,191,-8

0,688,629,974,242,-8

0,690,630,63,248,-8

0,691,631,112,368,-8

0,692,632,176,480,-8

0,693,633,245,482,-8

0,695,634,326,521,-8

0,696,635,384,523,-79

0,697,636,460,548,-80

0,698,637,494,607,-8

0,699,638,546,649,-80

0,700,639,598,771,-8

0,701,640,647,818,-8

0,703,641,745,850,-81

0,704,642,797,886,-81

0,705,643,852,973,-8

0,706,644,901,10,-8

0,707,645,950,58,-82

0,708,646,4,98,-8

0,709,647,56,127,-91

0,710,648,103,174,-79

0,711,649,155,215,-81

0,712,650,208,387,-8

0,714,651,304,412,-8

0,715,652,355,446,-81

0,716,653,410,611,-81

0,717,654,456,654,-8

0,718,655,507,659,-8

0,719,656,557,661,-8

0,720,657,614,811,-8

0,721,658,663,842,-8

0,722,659,708,844,-8

0,723,660,759,909,-8

0,724,661,816,945,-85

0,725,662,870,1,-82

0,726,663,942,35,-8

0,727,664,988,108,-80

0,728,665,37,147,-82

0,729,666,102,170,-9

0,730,667,140,211,-8

0,731,668,187,254,-83

0,732,669,241,289,-83

0,733,670,290,334,-85

0,734,671,339,657,-8

0,735,672,390,729,-8

0,736,673,441,731,-8

0,737,674,490,732,-8

0,738,675,540,734,-8

0,739,676,591,824,-81

0,740,677,659,863,-8

0,741,678,726,867,-8

0,743,679,817,895,-83

0,744,680,868,935,-8

0,745,681,918,969,-83

0,746,682,971,236,-8

0,747,683,19,334,-8

0,748,684,69,335,-8

0,749,685,119,343,-8

0,750,686,170,344,-8

0,751,687,224,437,-81

0,752,688,280,477,-8

0,753,689,338,479,-8

0,754,690,378,502,-8

0,755,691,438,646,-83

0,756,692,489,691,-8

0,757,693,537,693,-8

0,758,694,587,697,-84

0,759,695,648,732,-79

0,760,696,699,770,-83

0,761,697,747,817,-83

0,762,698,801,891,-83

0,764,699,898,49,-8

0,765,700,948,107,-8

0,766,701,998,114,-8

0,767,702,51,128,-82

0,768,703,111,254,-8

0,769,704,155,487,-8

0,770,705,206,581,-8

0,771,706,257,833,-83

0,772,707,306,834,-8

0,773,708,442,363,-8

0,774,709,490,365,-8

0,775,710,588,686,-83

0,776,711,673,688,-8

0,777,712,784,690,-8

0,778,713,863,716,-8

0,779,714,913,898,-8

0,780,715,969,900,-8

0,781,716,103,901,-8

0,782,717,163,956,-79

0,783,718,276,958,-8

0,784,719,436,1,-8

0,785,720,528,2,-8

0,786,721,559,41,-82

0,787,722,842,49,-82

0,788,723,889,75,-8

0,790,724,964,97,-83

0,791,725,21,110,-79

0,792,726,68,136,-83

0,793,727,115,170,-83

0,794,728,168,209,-8

0,795,729,214,248,-83

0,796,730,265,510,-8

0,797,731,315,564,-8

0,798,732,365,568,-8

0,799,733,416,570,-8

0,800,734,467,707,-83

0,801,735,523,776,-8

0,802,736,571,804,-8

0,803,737,617,806,-8

0,804,738,668,823,-90

0,805,739,725,850,-8

0,806,740,808,891,-84

0,808,741,896,140,-8

0,809,742,944,174,-8

0,810,743,995,179,-8

0,811,744,45,180,-8

0,812,745,94,345,-8

0,813,746,163,387,-9

0,815,747,254,388,-9

0,816,748,304,406,-82

0,817,749,361,532,-9

0,819,750,458,569,-9

0,820,751,509,602,-82

0,821,752,563,621,-82

0,822,753,615,734,-8

0,823,754,659,769,-8

0,824,755,709,812,-82

0,825,756,763,846,-82

0,826,757,814,890,-90

0,827,758,863,936,-87

0,828,759,912,986,-82

0,829,760,963,28,-87

0,830,761,26,147,-8

0,831,762,73,168,-8

0,832,763,122,205,-83

0,833,764,172,347,-83

0,834,765,223,398,-9

0,835,766,273,402,-9

0,836,767,324,403,-9

0,837,768,388,561,-8

0,838,769,427,595,-8

0,839,770,478,597,-8

0,840,771,529,617,-8

0,841,772,590,655,-80

0,842,773,634,695,-84

0,843,774,693,965,-9

0,844,775,735,45,-9

0,845,776,787,66,-9

0,846,777,836,75,-9

0,847,778,886,76,-9

0,848,779,936,105,-82

0,849,780,986,126,-79

0,850,781,55,141,-82

0,851,782,99,170,-8

0,852,783,144,215,-81

0,853,784,196,251,-81

0,854,785,249,376,-8

0,855,786,297,411,-8

0,856,787,347,445,-83

0,857,788,399,487,-83

0,858,789,448,585,-8

0,859,790,498,612,-8

0,860,791,548,629,-82

0,861,792,602,655,-82

0,862,793,653,781,-8

0,863,794,699,815,-8

0,864,795,749,860,-83

0,865,796,803,865,-83

0,866,797,862,986,-8

0,867,798,908,30,-8

0,868,799,959,193,-82

0,869,800,22,241,-8

0,870,801,60,242,-8

0,871,802,111,246,-8

0,872,803,162,404,-8

0,873,804,222,447,-8

0,874,805,262,448,-8

0,875,806,312,453,-8

0,876,807,362,493,-8

0,877,808,427,529,-83

0,878,809,467,570,-84

0,879,810,522,603,-84

0,880,811,572,621,-8

0,881,812,623,693,-80

0,882,813,675,732,-82

0,883,814,728,777,-82

0,884,815,779,20,-8

0,885,816,828,82,-8

0,886,817,877,88,-8

0,887,818,927,89,-8

0,888,819,977,127,-82

0,889,820,29,130,-82

0,890,821,91,171,-82

0,891,822,137,211,-79

0,892,823,186,256,-84

0,893,824,239,289,-84

0,894,825,291,331,-8

0,895,826,340,413,-79

0,896,827,393,455,-83

0,897,828,442,495,-83

0,898,829,497,656,-8

0,899,830,546,692,-8

0,900,831,595,832,-82

0,901,832,658,881,-8

0,902,833,705,883,-8

0,903,834,755,887,-8

0,904,835,806,34,-8

0,905,836,874,155,-9

0,906,837,913,195,-9

0,907,838,963,232,-9

0,908,839,12,262,-83

0,909,840,63,316,-79

0,910,841,163,460,-9

0,911,842,236,505,-8

0,912,843,304,527,-8

0,914,844,384,528,-9

0,915,845,436,671,-9

0,916,846,501,751,-8

0,917,847,544,765,-8

0,918,848,594,774,-8

0,919,849,659,797,-83

0,920,850,707,864,-8

0,921,851,767,891,-8

0,922,852,816,934,-83

0,923,853,865,969,-83

0,924,854,917,21,-83

0,925,855,971,42,-83

0,926,856,23,264,-8

0,927,857,69,317,-8

0,928,858,119,329,-8

0,929,859,169,342,-8

0,930,860,219,371,-82

0,931,861,271,403,-82

0,932,862,334,495,-8

0,933,863,390,533,-8

0,934,864,426,676,-82

0,935,865,496,721,-8

0,936,866,544,725,-8

0,937,867,594,727,-8

0,938,868,644,900,-8

0,939,869,711,903,-8

0,940,870,749,992,-8

0,941,871,800,1,-8

0,942,872,850,6,-8

0,943,873,905,87,-80

0,944,874,959,126,-8

0,946,875,55,163,-8

0,947,876,109,292,-8

0,948,877,165,351,-8

0,949,878,214,356,-8

0,950,879,264,385,-82

0,951,880,318,497,-8

0,952,881,382,545,-8

0,953,882,415,549,-8

0,954,883,465,716,-83

0,955,884,521,764,-8

0,957,885,619,765,-8

0,958,886,668,786,-82

0,959,887,747,851,-83

0,961,888,827,895,-80

0,962,889,882,928,-83

0,963,890,931,969,-83

0,964,891,983,108,-8

0,965,892,31,131,-8

0,966,893,81,166,-8

0,967,894,132,315,-82

0,968,895,180,351,-8

0,969,896,231,358,-8

0,970,897,281,377,-8

0,971,898,344,539,-8

0,972,899,385,550,-8

0,973,900,436,555,-8

0,974,901,485,607,-8

0,975,902,544,623,-80

0,976,903,591,653,-83

0,977,904,642,688,-83

0,978,905,691,733,-8

0,979,906,740,813,-80

0,980,907,794,886,-83

0,981,908,840,935,-83

0,982,909,891,27,-8

0,983,910,953,130,-83

0,984,911,6,196,-8

0,985,912,56,207,-8

0,986,913,107,211,-83

0,987,914,165,343,-8

0,988,915,216,378,-8

0,989,916,264,379,-8

0,990,917,313,398,-83

0,991,918,372,544,-8

0,993,919,465,566,-8

0,994,920,515,601,-83

0,995,921,567,618,-83

0,996,922,619,745,-8

0,997,923,668,766,-8

0,998,924,718,807,-83

0,999,925,769,855,-83

0,1000,926,819,893,-82

0,1001,927,868,935,-82

0,1002,928,923,974,-8

0,1003,929,975,162,-8

0,1004,930,23,193,-8

0,1005,931,73,194,-8

0,1006,932,124,368,-8

0,1007,933,188,407,-9

0,1008,934,231,411,-9

0,1009,935,280,412,-9

0,1010,936,331,468,-9

0,1011,937,396,528,-79

0,1012,938,435,787,-9

0,1014,939,533,893,-9

0,1015,940,584,919,-9

0,1016,941,633,940,-9

0,1017,942,684,942,-9

0,1018,943,735,949,-9

0,1019,944,788,951,-81

0,1020,945,852,0,-75

0,1021,946,929,185,-9

0,1022,947,976,239,-9

0,1023,948,16,251,-9

0,1024,949,65,263,-9

0,1025,950,115,269,-9

0,1026,951,166,385,-83

0,1027,952,230,468,-8

0,1029,953,322,471,-8

0,1030,954,374,497,-82

0,1031,955,434,581,-8

0,1032,956,484,605,-82

0,1034,957,584,652,-83

0,1035,958,634,696,-8

0,1036,959,688,771,-82

0,1038,960,784,17,-8

0,1039,961,835,43,-8

0,1040,962,885,45,-8

0,1041,963,935,68,-8

0,1042,964,987,98,-85

0,1043,965,46,129,-84

0,1044,966,96,170,-84

0,1045,967,144,216,-8

0,1046,968,195,252,-83

0,1047,969,248,289,-79

0,1048,970,295,412,-8

0,1049,971,345,452,-8

0,1050,972,400,616,-82

0,1051,973,453,717,-8

0,1052,974,503,736,-8

0,1053,975,554,743,-8

0,1054,976,608,744,-83

0,1056,977,727,820,-8

0,1058,978,817,890,-83

0,1059,979,865,936,-9

0,1060,980,917,975,-83

0,1061,981,968,11,-80

0,1062,982,15,250,-9

0,1063,983,65,310,-9

0,1064,984,115,322,-9

0,1065,985,164,331,-9

0,1066,986,222,357,-82

0,1067,987,264,372,-83

0,1068,988,324,410,-84

0,1069,989,373,449,-8

0,1070,990,422,495,-84

0,1071,991,473,530,-80

0,1072,992,528,568,-83

0,1073,993,575,648,-8

0,1074,994,625,696,-8

0,1075,995,677,731,-8

0,1076,996,729,798,-82

0,1077,997,792,52,-8

0,1078,998,826,124,-8

0,1079,999,877,144,-8

0,1080,1000,928,158,-8

0,1081,1001,977,159,-8

0,1082,1002,28,167,-83

0,1083,1003,90,282,-8

0,1084,1004,150,287,-8

0,1085,1005,187,310,-8

0,1086,1006,239,864,-83

0,1087,1007,295,866,-8

0,1088,1008,826,915,-82

