t,s,l,time,newtime
0,6,0,143,216

0,8,2,143,238

0,9,3,644,666

0,10,4,144,262

0,11,5,645,673

0,12,6,145,286

0,13,7,646,696

0,14,8,146,310

0,15,9,647,727

0,16,10,147,173

0,17,11,647,744

0,18,12,148,172

0,47,13,667,733

0,48,14,168,220

0,49,15,669,757

0,50,16,170,371

0,51,17,670,782

0,52,18,171,395

0,53,19,671,698

0,54,20,172,215

0,55,21,673,829

0,56,22,174,239

0,57,23,674,853

0,58,24,174,263

0,59,25,674,879

0,60,26,174,289

0,61,27,674,902

0,62,28,174,201

0,63,29,675,721

0,64,30,175,335

0,65,31,676,746

0,66,32,176,361

0,67,33,677,770

0,68,34,178,384

0,69,35,679,795

0,70,36,180,410

0,71,37,681,703

0,72,38,182,228

0,73,39,682,841

0,74,40,183,253

0,75,41,684,867

0,76,42,184,277

0,77,43,684,890

0,78,44,185,300

0,79,45,686,915

0,80,46,185,208

0,81,47,685,734

0,82,48,186,348

0,83,49,686,764

0,84,50,186,373

0,85,51,687,783

0,86,52,187,397

0,87,53,688,807

0,88,54,189,216

0,89,55,689,830

0,90,56,190,241

0,91,57,690,854

0,92,58,191,265

0,93,59,692,878

0,94,60,196,288

0,95,61,694,902

0,96,62,194,312

0,97,63,694,722

0,98,64,195,337

0,99,65,695,747

0,100,66,196,365

0,101,67,696,770

0,102,68,197,385

0,103,69,698,795

0,104,70,198,412

0,105,71,697,819

0,106,72,198,228

0,107,73,699,843

0,108,74,200,253

0,109,75,701,868

0,110,76,201,277

0,111,77,703,892

0,112,78,204,227

0,113,79,704,916

0,114,80,204,325

0,115,81,704,736

0,116,82,205,349

0,117,83,706,759

0,118,84,206,373

0,119,85,707,783

0,120,86,208,397

0,121,87,709,808

0,122,88,210,422

0,123,89,711,832

0,124,90,212,241

0,125,91,713,855

0,126,92,214,266

0,127,93,715,881

0,128,94,216,291

0,129,95,717,904

0,130,96,217,314

0,131,97,717,741

0,132,98,218,341

0,133,99,718,750

0,134,100,219,362

0,135,101,720,775

0,136,102,220,385

0,137,103,721,795

0,138,104,222,411

0,139,105,722,819

0,140,106,223,245

0,141,107,724,844

0,142,108,224,255

0,143,109,725,868

0,144,110,225,279

0,145,111,726,892

0,146,112,227,302

0,147,113,728,916

0,148,114,228,326

0,149,115,728,751

0,150,116,229,353

0,151,117,730,772

0,152,118,231,374

0,153,119,732,784

0,154,120,233,398

0,155,121,734,808

0,156,122,235,422

0,157,123,735,835

0,158,124,236,259

0,159,125,737,857

0,160,126,238,267

0,161,127,737,882

0,162,128,238,305

0,163,129,738,906

0,164,130,238,313

0,165,131,739,763

0,166,132,240,338

0,167,133,741,764

0,168,134,242,268

0,169,135,742,771

0,170,136,242,389

0,171,137,743,795

0,172,138,243,409

0,173,139,743,820

0,174,140,244,267

0,175,141,745,845

0,176,142,246,457

0,177,143,746,866

0,178,144,247,277

0,179,145,747,894

t,s,l,time,newtime
0,23,2,584,666

0,24,3,186,223

t,s,l,time,newtime
0,0,4,854,896

0,1,5,849,883

0,2,6,849,886

0,3,7,851,885

0,4,8,856,65

0,5,9,854,890

0,20,0,905,945

0,22,2,909,944

0,23,3,911,961

0,24,4,912,952

0,25,5,913,952

0,26,6,915,948

0,27,7,916,952

0,28,8,918,953

0,29,9,918,951

0,30,10,920,958

0,31,11,920,962

t,s,l,time,newtime
0,10,12,823,38

0,11,13,825,878

0,12,14,827,925

0,13,15,829,974

0,14,16,829,23

0,15,17,830,68

0,16,18,831,910

0,17,19,833,962

0,25,20,843,944

0,26,21,844,994

0,27,22,846,42

0,28,23,848,90

0,29,24,848,928

0,30,25,850,989

0,31,26,852,29

0,32,27,854,76

0,33,28,855,917

0,34,29,861,964

0,35,30,859,10

0,36,31,860,59

0,37,32,861,906

0,38,33,862,953

0,39,34,864,3

0,40,35,865,45

0,41,36,865,96

0,42,37,867,937

0,43,38,869,984

0,44,39,869,32

0,45,40,869,78

0,46,41,871,924

t,s,l,time,newtime
0,0,42,0,598

0,0,43,0,627

0,0,44,0,649

0,0,45,0,685

0,0,46,0,743

0,0,47,0,644

0,0,48,0,662

0,0,49,0,672

0,0,50,0,675

0,0,51,0,695

0,1,53,604,831

0,2,54,525,663

0,3,55,181,275

0,4,56,659,877

0,5,57,940,85

0,6,58,151,186

0,7,59,319,351

0,8,60,492,699

t,s,l,time,newtime
0,0,62,979,214

0,1,63,976,55

0,2,64,978,321

0,3,65,980,148

0,4,66,980,197

0,5,67,981,43

0,6,68,983,90

0,7,69,984,138

0,8,70,986,186

0,9,71,988,26

0,10,72,989,74

0,11,73,990,130

0,12,74,991,171

0,13,75,994,217

0,14,76,994,61

0,15,77,996,110

0,16,78,998,158

0,17,79,0,209

0,18,80,1,61

0,19,81,1,96

0,20,82,4,146

0,21,83,6,193

0,22,84,8,239

0,23,85,10,83

0,24,86,12,133

0,25,87,14,182

0,26,88,15,230

0,27,89,16,70

0,28,90,18,120

0,29,91,18,165

0,30,92,20,215

0,31,93,23,60

0,32,94,24,109

0,33,95,26,155

0,34,96,26,202

0,35,97,28,250

0,36,98,30,94

0,37,99,32,142

0,38,100,33,194

0,39,101,35,241

0,40,102,35,87

0,41,103,38,132

0,42,104,38,177

0,43,105,40,226

0,44,106,39,278

0,45,107,40,117

0,46,108,42,179

t,s,l,time,newtime
0,0,109,669,863

0,1,110,744,897

0,2,111,772,899

0,3,112,829,921

0,4,113,880,966

0,5,114,929,8

0,6,115,983,72

0,7,116,48,242

0,8,117,98,290

0,9,118,149,296

0,10,119,200,312

0,11,120,251,359

0,12,121,315,388

0,13,122,355,443

0,14,123,404,481

0,15,124,455,533

0,16,125,504,582

0,17,126,555,631

0,18,127,606,683

0,19,128,657,739

0,20,129,708,790

0,21,130,757,795

0,22,131,808,838

0,23,132,860,886

0,24,133,910,936

0,25,134,960,987

0,26,135,10,43

0,27,136,61,95

0,28,137,111,150

0,29,138,160,191

0,30,139,211,243

0,31,140,261,292

0,32,141,310,341

0,33,142,360,388

0,34,143,411,438

0,35,144,461,487

0,36,145,512,542

0,37,146,563,591

0,38,147,612,644

0,39,148,662,691

0,40,149,713,745

0,41,150,762,791

0,42,151,813,842

0,43,152,863,895

0,44,153,912,940

0,45,154,963,991

0,46,155,13,42

0,47,156,63,90

0,125,157,995,25

0,126,158,45,78

0,127,159,94,156

0,128,160,148,201

0,129,161,199,243

0,130,162,253,287

0,542,163,961,993

0,543,164,11,39

0,544,165,62,89

0,545,166,111,142

0,546,167,162,201

0,547,168,213,409

0,548,169,263,416

0,549,170,313,425

0,550,171,364,432

0,551,172,419,483

0,552,173,466,503

0,553,174,513,544

0,554,175,563,593

0,555,176,614,643

0,556,177,663,692

0,557,178,713,743

0,558,179,763,794

0,559,180,814,843

0,560,181,864,891

0,561,182,914,958

0,562,183,965,992

0,563,184,15,43

0,564,185,65,92

0,565,186,115,144

0,566,187,166,195

0,567,188,217,244

0,568,189,266,295

0,569,190,316,345

0,570,191,367,395

0,571,192,418,445

0,572,193,470,497

0,573,194,518,546

0,574,195,567,596

0,575,196,618,648

0,576,197,668,694

0,577,198,718,745

0,578,199,768,797

0,579,200,818,846

0,580,201,870,896

0,581,202,920,945

0,582,203,970,999

0,583,204,21,48

0,584,205,71,98

0,585,206,121,152

0,586,207,172,202

0,587,208,222,252

0,588,209,273,302

0,589,210,322,353

0,590,211,372,402

0,591,212,423,452

0,592,213,474,505

0,593,214,525,556

0,594,215,576,604

0,595,216,627,654

0,596,217,678,707

0,597,218,728,756

0,598,219,777,804

0,599,220,827,855

0,600,221,877,915

0,601,222,930,973

0,602,223,991,25

0,603,224,46,93

0,604,225,95,141

0,605,226,158,188

0,606,227,195,222

0,607,228,245,273

0,608,229,296,324

0,609,230,346,389

0,610,231,400,433

0,611,232,452,505

0,612,233,502,564

0,613,234,555,587

0,614,235,603,632

0,615,236,654,685

0,616,237,705,733

0,617,238,755,782

0,618,239,805,834

0,619,240,856,882

0,620,241,906,932

0,621,242,957,984

0,622,243,6,32

0,623,244,57,90

0,624,245,106,133

0,625,246,156,186

0,626,247,206,234

0,897,248,828,100

0,898,249,879,109

0,899,250,928,118

0,900,251,979,122

0,901,252,29,125

0,902,253,87,154

0,1321,254,150,392

0,1322,255,201,412

0,1323,256,251,414

0,1324,257,302,423

0,1325,258,353,425

0,1326,259,410,464

0,1327,260,461,493

0,1328,261,511,542

0,1329,262,561,589

0,1330,263,611,641

0,1331,264,661,690

0,1332,265,711,743

0,1333,266,761,793

0,1334,267,811,836

0,1335,268,862,888

0,1336,269,912,940

0,1337,270,962,988

0,1338,271,12,41

0,1785,272,466,550

0,1786,273,515,562

0,1787,274,567,599

0,1788,275,616,644

0,1789,276,666,844

0,1790,277,715,849

0,1791,278,766,857

0,1792,279,816,876

0,1793,280,870,908

0,1794,281,916,942

0,1795,282,966,993

0,1796,283,17,44

0,1797,284,67,93

0,1798,285,117,144

0,1799,286,168,198

0,1800,287,217,245

0,1801,288,270,298

0,1802,289,318,343

0,1803,290,369,396

0,1804,291,420,446

0,1805,292,470,499

0,1806,293,521,545

0,1807,294,571,595

0,1808,295,621,647

0,1809,296,671,701

0,1810,297,721,748

0,1811,298,772,798

0,1812,299,822,848

0,1813,300,872,900

0,1814,301,923,948

0,1815,302,974,998

0,1816,303,25,51

0,1817,304,76,100

0,1818,305,127,155

0,1819,306,178,203

0,1820,307,229,253

0,1821,308,288,325

0,1822,309,332,358

0,1823,310,380,408

0,1824,311,430,456

0,1825,312,481,506

0,1826,313,532,557

0,1827,314,581,610

0,1828,315,632,658

0,1829,316,683,710

0,1830,317,735,762

0,1831,318,785,813

0,1832,319,835,863

0,1833,320,886,912

0,1834,321,936,962

0,1835,322,987,12

0,1836,323,38,62

0,1837,324,89,113

0,1838,325,140,167

0,1839,326,191,217

0,1840,327,241,265

0,1841,328,292,318

0,1842,329,342,372

0,1843,330,393,420

0,2200,331,335,643

0,2201,332,385,654

0,2202,333,436,664

0,2203,334,485,673

0,2204,335,535,675

0,2205,336,586,684

0,2206,337,646,710

0,2207,338,696,734

0,2208,339,744,776

0,2209,340,795,828

0,2210,341,845,146

0,2211,342,895,155

0,2212,343,945,165

0,2213,344,996,172

0,2214,345,46,174

0,2215,346,96,183

0,2216,347,158,215

0,2217,348,204,240

0,2218,349,252,280

t,s,l,time,newtime
0,61,350,254,300

0,62,351,356,385

0,63,352,455,611

0,64,353,555,618

0,65,354,656,686

0,66,355,757,784

0,67,356,857,883

0,68,357,957,983

0,69,358,58,84

0,70,359,157,184

0,71,360,257,283

0,72,361,357,389

0,73,362,457,485

0,74,363,557,584

0,75,364,658,688

0,76,365,758,784

0,77,366,859,890

0,78,367,959,984

0,79,368,59,85

0,80,369,159,186

0,81,370,260,283

0,82,371,361,385

0,83,372,462,488

0,84,373,562,590

0,85,374,662,689

0,86,375,762,790

0,87,376,862,888

0,88,377,962,991

0,89,378,62,92

0,90,379,163,195

0,91,380,264,293

0,92,381,364,389

0,93,382,465,492

0,94,383,566,594

0,95,384,666,694

0,96,385,766,794

0,97,386,866,893

0,98,387,966,994

0,99,388,66,94

0,100,389,166,194

0,101,390,266,294

0,102,391,367,393

0,103,392,468,494

0,104,393,568,594

0,105,394,668,695

0,106,395,769,798

0,107,396,869,896

0,108,397,969,999

0,109,398,69,97

0,110,399,170,194

0,111,400,271,299

0,112,401,371,401

0,113,402,471,498

0,114,403,571,598

0,115,404,672,701

0,116,405,772,799

0,117,406,872,899

0,118,407,972,3

0,119,408,72,100

0,120,409,172,201

0,121,410,272,301

0,122,411,372,400

0,123,412,472,501

0,124,413,573,601

0,125,414,672,701

0,126,415,772,800

0,127,416,872,898

0,128,417,972,998

0,129,418,72,99

0,130,419,172,200

0,131,420,272,299

0,132,421,372,399

0,133,422,472,498

0,134,423,573,602

0,135,424,673,701

0,331,425,325,353

0,332,426,424,453

0,333,427,525,554

0,334,428,625,653

0,335,429,725,752

0,336,430,829,858

0,337,431,926,953

0,338,432,27,53

0,339,433,128,153

0,340,434,228,254

0,341,435,328,358

0,342,436,428,456

0,343,437,528,554

0,344,438,628,656

0,345,439,728,753

0,346,440,829,858

0,347,441,930,955

0,348,442,31,54

0,349,443,131,155

0,350,444,231,259

0,351,445,331,360

0,352,446,431,460

0,353,447,531,556

0,354,448,631,655

0,355,449,731,758

0,356,450,831,855

0,357,451,931,958

0,358,452,31,60

0,359,453,131,161

0,360,454,231,256

0,361,455,331,359

0,362,456,431,472

0,363,457,531,573

0,364,458,631,678

0,365,459,734,761

0,366,460,833,859

0,367,461,933,960

0,368,462,34,58

0,369,463,134,158

0,370,464,234,278

0,371,465,334,361

0,372,466,434,460

0,373,467,535,561

0,374,468,635,659

0,375,469,735,759

0,376,470,835,859

0,377,471,936,964

0,378,472,36,66

0,379,473,137,164

0,380,474,237,262

0,381,475,337,362

0,382,476,438,467

0,383,477,538,565

0,384,478,638,666

0,385,479,738,765

0,386,480,838,866

0,387,481,938,965

0,655,482,822,111

0,656,483,922,117

0,657,484,22,123

0,658,485,131,418

0,659,486,226,426

0,660,487,326,428

0,661,488,435,616

0,662,489,532,621

0,663,490,632,822

0,664,491,733,827

0,665,492,835,236

0,666,493,933,243

0,667,494,33,251

0,668,495,134,253

0,669,496,239,298

0,670,497,335,382

0,671,498,436,463

0,672,499,536,561

0,673,500,636,663

0,674,501,736,761

0,675,502,836,860

0,933,503,704,851

0,934,504,804,856

0,935,505,904,55

0,936,506,4,60

0,937,507,104,132

0,938,508,205,231

0,939,509,306,331

0,940,510,408,433

0,941,511,508,536

0,942,512,608,637

0,943,513,708,734

0,944,514,808,832

0,945,515,908,932

0,946,516,8,34

0,947,517,108,136

0,948,518,209,236

0,949,519,308,336

0,950,520,408,435

0,951,521,508,536

0,952,522,608,634

0,953,523,709,734

0,954,524,809,835

0,955,525,909,934

0,956,526,9,36

0,957,527,109,134

0,958,528,209,235

0,959,529,309,334

0,960,530,409,437

0,961,531,509,535

0,962,532,609,635

0,963,533,709,735

0,964,534,809,834

0,965,535,910,935

0,966,536,10,35

0,967,537,110,138

0,968,538,210,239

0,969,539,310,341

0,970,540,411,439

0,971,541,511,539

0,972,542,611,638

0,973,543,711,735

0,974,544,811,837

0,975,545,912,940

0,976,546,13,41

0,977,547,113,142

0,978,548,213,243

0,979,549,314,343

0,1180,550,637,675

0,1181,551,738,833

0,1182,552,839,872

0,1183,553,938,253

0,1184,554,39,260

0,1185,555,139,267

0,1186,556,245,293

0,1187,557,342,370

0,1188,558,443,467

0,1189,559,543,568

0,1430,560,716,743

0,1431,561,829,943

0,1432,562,918,959

0,1433,563,19,144

0,1434,564,120,347

0,1435,565,221,559

0,1436,566,322,564

0,1437,567,423,763

0,1438,568,523,767

0,1439,569,623,968

0,1440,570,723,972

0,1441,571,824,177

0,1442,572,925,182

0,1443,573,25,188

0,1444,574,125,206

0,1445,575,225,251

0,1446,576,325,372

0,1447,577,425,579

0,1448,578,525,782

0,1449,579,625,992

0,1450,580,725,997

0,1451,581,826,195

0,1452,582,926,205

0,1453,583,27,236

0,1454,584,126,248

0,1455,585,233,402

0,1456,586,331,598

0,1457,587,433,820

0,1458,588,533,825

0,1459,589,633,833

0,1460,590,734,835

0,1461,591,843,12

0,1462,592,938,61

0,1463,593,38,216

0,1464,594,138,261

0,1465,595,238,420

0,1466,596,339,465

0,1467,597,439,471

0,1468,598,539,624

0,1469,599,640,665

0,1470,600,741,830

0,1471,601,841,868

0,1472,602,942,36

0,1473,603,43,71

0,1474,604,142,242

0,1475,605,244,275

0,1476,606,343,448

0,1477,607,444,475

0,1478,608,543,582

0,1479,609,643,670

0,1480,610,744,769

0,1481,611,844,66

0,1482,612,945,75

0,1483,613,45,265

0,1484,614,145,276

0,1485,615,245,469

0,1486,616,346,679

0,1487,617,446,684

0,1488,618,546,713

0,1489,619,646,718

0,1490,620,747,775

0,1491,621,847,877

0,1492,622,948,84

0,1493,623,48,284

0,1494,624,148,496

0,1495,625,248,501

0,1496,626,348,706

0,1497,627,449,713

0,1498,628,549,726

0,1499,629,649,731

0,1500,630,749,903

0,1501,631,849,963

0,1502,632,953,983

0,1503,633,50,107

0,1504,634,151,318

0,1505,635,252,324

0,1506,636,352,519

0,1507,637,453,719

0,1508,638,553,930

0,1509,639,653,935

0,1510,640,753,965

0,1511,641,853,973

0,1512,642,958,994

0,1513,643,58,130

0,1514,644,158,184

0,1515,645,259,336

0,1516,646,359,384

0,1517,647,459,487

0,1518,648,559,748

0,1519,649,659,789

0,1520,650,759,794

0,1521,651,859,951

0,1522,652,959,985

0,1523,653,59,155

0,1524,654,161,187

0,1657,655,497,524

0,1658,656,598,807

0,1659,657,698,814

0,1660,658,802,836

0,1661,659,900,998

0,1662,660,3,35

0,1663,661,102,206

0,1664,662,203,234

0,1665,663,302,415

0,1666,664,405,435

0,1667,665,504,619

0,1668,666,607,637

0,1669,667,704,730

0,1670,668,804,32

0,1671,669,904,36

0,1672,670,4,232

0,1673,671,104,245

0,1674,672,205,249

0,1675,673,305,333

0,1676,674,405,431

0,1677,675,505,534

0,1713,676,117,323

0,1714,677,217,329

0,1715,678,321,711

0,1716,679,419,729

0,1717,680,519,743

0,1718,681,620,744

0,1719,682,739,786

0,1720,683,833,862

0,1721,684,940,2

0,1722,685,42,76

0,1723,686,141,172

0,1724,687,241,281

0,1725,688,341,372

0,1726,689,442,471

0,1727,690,542,589

0,1728,691,642,675

0,1729,692,743,778

0,1730,693,843,872

0,1731,694,943,981

0,1732,695,43,86

0,1733,696,145,191

0,1734,697,244,275

0,1735,698,344,382

0,1736,699,445,480

0,1737,700,545,573

0,1738,701,645,683

0,1739,702,745,783

0,1740,703,845,874

0,1741,704,945,973

0,1742,705,46,76

0,1743,706,146,174

0,1744,707,246,279

0,1745,708,346,375

0,1746,709,446,481

0,1747,710,546,577

0,1748,711,646,681

0,1749,712,746,783

0,1750,713,846,898

0,1751,714,947,991

0,1752,715,47,91

0,1753,716,148,184

0,1754,717,248,292

0,1755,718,349,393

0,1756,719,449,486

0,1757,720,549,583

0,1758,721,649,683

0,1759,722,749,782

0,1760,723,849,890

0,1761,724,950,991

0,1762,725,49,82

0,1763,726,149,183

0,1764,727,250,283

0,1765,728,350,403

0,1766,729,459,521

0,1767,730,560,611

0,1768,731,670,721

0,1769,732,780,831

0,1770,733,881,921

0,1771,734,980,21

0,1772,735,80,113

0,1773,736,180,221

0,1774,737,280,313

0,1775,738,380,421

0,1776,739,481,531

0,1777,740,581,623

0,1778,741,683,731

0,1779,742,782,821

0,1780,743,882,922

0,1781,744,982,32

0,1782,745,82,113

0,1783,746,182,213

0,1784,747,282,321

0,1785,748,383,423

0,1786,749,483,521

0,1787,750,584,628

0,1788,751,684,723

0,1789,752,784,831

0,1790,753,884,921

0,1791,754,998,33

0,1792,755,92,129

0,1793,756,192,231

0,1794,757,294,341

0,1795,758,395,431

0,1796,759,495,541

0,1797,760,595,633

0,1798,761,695,741

0,1799,762,797,831

0,1800,763,896,924

0,1801,764,996,19

0,1802,765,96,121

0,1803,766,196,223

0,1804,767,297,320

0,1805,768,397,423

0,1806,769,497,523

0,1807,770,598,624

0,1808,771,698,723

0,1809,772,799,823

0,1810,773,899,925

0,1811,774,999,28

0,1812,775,99,330

0,1813,776,200,335

0,1814,777,299,341

0,1815,778,399,424

0,1816,779,499,526

0,1817,780,599,623

0,1818,781,699,724

0,1819,782,800,826

0,1820,783,901,927

0,1821,784,1,30

0,1822,785,102,130

0,1823,786,202,228

0,1824,787,302,327

0,1825,788,402,436

0,1826,789,503,537

0,1827,790,603,631

0,1828,791,703,732

0,1829,792,803,829

0,1830,793,903,930

0,1831,794,3,30

0,1832,795,104,130

0,1833,796,205,232

0,1834,797,305,330

0,1835,798,405,429

0,1836,799,506,530

0,1837,800,606,632

0,1838,801,706,733

0,1839,802,806,834

0,1840,803,907,936

0,1841,804,8,38

0,1842,805,107,131

0,1843,806,208,235

0,1844,807,308,336

0,1845,808,408,434

0,1846,809,509,534

0,1847,810,610,638

0,1848,811,710,738

0,1849,812,810,838

0,1850,813,911,936

0,1851,814,11,36

0,1852,815,111,137

0,1853,816,211,236

0,1854,817,311,336

0,1855,818,412,436

0,1856,819,512,539

0,1857,820,612,639

0,1858,821,712,742

0,1859,822,813,840

0,1860,823,913,941

0,1861,824,13,39

0,1862,825,114,138

0,1863,826,214,242

0,1864,827,314,341

0,1865,828,414,442

0,1866,829,515,540

0,1867,830,616,640

0,1868,831,716,742

0,1869,832,817,844

0,1870,833,916,942

0,1871,834,17,44

0,1872,835,118,145

0,1873,836,218,246

0,1874,837,319,348

0,1875,838,419,448

0,1876,839,519,546

0,1877,840,620,646

0,1878,841,720,745

0,1879,842,821,845

0,1880,843,921,949

0,1881,844,21,45

0,1882,845,121,146

0,1883,846,221,249

0,1884,847,321,346

0,1885,848,421,447

0,1886,849,521,548

0,1887,850,621,647

0,1888,851,722,750

0,1889,852,823,861

0,1890,853,923,953

0,1891,854,23,50

0,1892,855,123,151

0,1893,856,223,247

0,1894,857,323,346

0,1895,858,423,447

0,1896,859,523,549

0,1897,860,624,650

0,1898,861,724,750

0,1899,862,824,849

0,1900,863,924,950

0,1901,864,25,53

0,1902,865,125,151

0,1903,866,225,253

0,1904,867,325,351

0,1905,868,425,453

0,1906,869,526,552

0,1907,870,627,652

0,1908,871,727,753

0,1909,872,828,851

0,1910,873,927,952

0,1911,874,28,55

0,1912,875,127,154

0,1913,876,228,260

0,1914,877,328,353

0,1915,878,428,457

0,1916,879,528,554

0,1917,880,628,653

0,1918,881,728,756

0,1919,882,828,853

0,1920,883,929,957

0,1921,884,30,59

0,1922,885,130,157

0,1923,886,230,258

0,1924,887,330,354

0,1925,888,430,456

0,1926,889,530,556

0,1927,890,630,657

0,1928,891,730,756

0,1929,892,830,855

0,1930,893,930,955

0,1931,894,31,56

0,1932,895,131,158

0,1933,896,232,273

0,1934,897,332,382

0,1935,898,432,481

0,1936,899,533,591

0,1937,900,633,692

0,1938,901,736,765

0,1939,902,836,860

0,1940,903,937,960

0,1941,904,38,64

0,1942,905,138,162

0,1943,906,238,264

0,1944,907,338,363

0,1945,908,438,465

0,1946,909,539,565

0,1947,910,639,662

0,1948,911,739,767

0,1949,912,839,865

0,1950,913,939,964

0,1951,914,39,64

0,1952,915,140,167

0,1953,916,240,267

0,1954,917,340,367

0,1955,918,440,466

0,1956,919,540,566

0,1957,920,641,668

0,1958,921,741,768

0,1959,922,842,868

0,1960,923,943,968

0,1961,924,43,69

0,1962,925,143,170

0,1963,926,243,270

0,1964,927,344,371

0,1965,928,445,473

0,1966,929,546,572

0,1967,930,646,674

0,1968,931,747,783

0,1969,932,847,878

0,1970,933,947,978

0,1971,934,47,75

0,1972,935,147,177

0,1973,936,247,273

0,1974,937,347,382

0,1975,938,447,473

0,1976,939,547,576

0,1977,940,647,676

0,1978,941,748,779

0,1979,942,848,874

0,1980,943,947,976

0,1981,944,47,72

0,1982,945,148,173

0,1983,946,247,277

0,1984,947,348,376

0,1985,948,448,477

0,1986,949,548,579

0,1987,950,648,674

0,1988,951,748,773

0,1989,952,849,873

0,1990,953,949,973

0,1991,954,49,73

0,1992,955,149,181

0,1993,956,249,274

0,1994,957,349,374

0,1995,958,449,473

0,1996,959,549,577

0,1997,960,649,674

0,1998,961,749,775

0,1999,962,849,874

0,2000,963,950,974

0,2001,964,50,74

0,2002,965,150,176

0,2003,966,250,278

0,2004,967,350,379

0,2005,968,450,475

0,2006,969,550,581

0,2007,970,650,673

0,2008,971,750,777

0,2009,972,850,874

0,2010,973,950,975

0,2011,974,51,76

0,2012,975,151,176

0,2013,976,251,276

0,2014,977,351,375

0,2015,978,451,479

0,2016,979,552,577

0,2017,980,652,679

0,2018,981,752,779

0,2019,982,853,880

0,2020,983,953,979

0,2021,984,53,77

0,2022,985,153,177

0,2023,986,253,278

0,2024,987,353,377

0,2025,988,453,479

0,2026,989,553,579

0,2027,990,653,681

0,2028,991,753,779

0,2029,992,853,880

0,2030,993,953,977

0,2031,994,54,78

0,2032,995,154,179

0,2033,996,254,278

0,2034,997,354,378

0,2035,998,455,479

0,2036,999,555,581

0,2037,1000,655,683

0,2038,1001,755,782

0,2039,1002,855,881

0,2040,1003,955,981

0,2041,1004,55,80

0,2042,1005,156,180

0,2043,1006,257,281

0,2044,1007,357,386

0,2045,1008,457,484

0,2046,1009,557,583

0,2047,1010,658,685

0,2048,1011,757,783

0,2049,1012,857,881

0,2050,1013,958,983

0,2051,1014,58,85

0,2052,1015,159,186

0,2053,1016,259,286

0,2054,1017,360,386

0,2055,1018,459,489

0,2056,1019,559,584

0,2057,1020,660,685

0,2058,1021,760,787

0,2059,1022,860,888

0,2060,1023,960,987

0,2061,1024,60,88

0,2062,1025,161,186

0,2063,1026,260,287

0,2064,1027,360,386

0,2065,1028,461,486

0,2066,1029,561,587

0,2067,1030,661,687

0,2068,1031,761,786

0,2069,1032,862,892

0,2070,1033,962,987

0,2071,1034,62,88

0,2072,1035,162,187

0,2073,1036,262,286

0,2074,1037,362,386

0,2075,1038,462,486

0,2076,1039,562,589

0,2077,1040,662,689

0,2078,1041,762,787

0,2079,1042,862,888

0,2080,1043,963,991

0,2081,1044,64,89

0,2082,1045,164,190

0,2083,1046,264,291

0,2084,1047,364,391

0,2085,1048,464,490

0,2086,1049,564,589

0,2087,1050,667,692

0,2088,1051,764,789

0,2089,1052,864,890

0,2090,1053,964,991

0,2091,1054,64,92

0,2092,1055,165,190

0,2093,1056,266,291

0,2094,1057,366,394

0,2095,1058,466,495

0,2096,1059,566,594

0,2097,1060,666,693

0,2098,1061,767,793

0,2099,1062,868,894

0,2100,1063,968,998

0,2101,1064,69,97

0,2102,1065,169,195

0,2103,1066,269,294

0,2104,1067,370,395

0,2105,1068,470,497

0,2106,1069,571,598

0,2107,1070,671,698

0,2108,1071,771,800

0,2109,1072,871,896

0,2110,1073,971,4

0,2111,1074,71,96

0,2112,1075,172,198

0,2113,1076,273,302

0,2114,1077,374,402

0,2115,1078,474,502

0,2116,1079,575,603

0,2117,1080,675,701

0,2118,1081,775,800

0,2119,1082,876,901

0,2120,1083,976,3

0,2121,1084,77,104

0,2122,1085,177,207

0,2123,1086,278,304

0,2124,1087,379,404

0,2125,1088,480,506

0,2126,1089,581,608

0,2127,1090,681,709

0,2128,1091,781,806

0,2129,1092,881,907

0,2130,1093,982,8

0,2131,1094,82,111

0,2132,1095,182,210

0,2133,1096,282,311

0,2134,1097,382,407

0,2135,1098,482,507

0,2136,1099,583,608

0,2137,1100,683,710

0,2138,1101,783,809

0,2139,1102,883,909

0,2140,1103,983,10

0,2141,1104,83,111

0,2142,1105,184,209

0,2143,1106,284,310

0,2144,1107,384,411

0,2145,1108,484,510

0,2146,1109,584,612

0,2147,1110,685,711

0,2148,1111,784,810

0,2149,1112,885,912

0,2150,1113,985,15

0,2151,1114,85,112

0,2152,1115,185,212

0,2153,1116,286,313

0,2154,1117,387,415

0,2155,1118,487,513

0,2156,1119,588,617

0,2157,1120,688,715

0,2158,1121,787,816

0,2159,1122,887,914

0,2160,1123,987,14

0,2161,1124,88,115

0,2162,1125,188,216

0,2163,1126,288,313

0,2164,1127,388,414

0,2165,1128,491,518

0,2166,1129,588,613

0,2167,1130,689,716

0,2168,1131,788,813

0,2169,1132,888,913

0,2170,1133,989,14

0,2171,1134,89,117

0,2172,1135,190,216

0,2173,1136,291,319

0,2174,1137,391,419

0,2175,1138,492,521

0,2176,1139,592,617

0,2177,1140,692,718

0,2178,1141,792,819

0,2179,1142,892,918

0,2180,1143,993,18

0,2181,1144,93,118

0,2182,1145,193,219

0,2183,1146,293,319

0,2184,1147,394,420

0,2185,1148,494,526

0,2186,1149,594,621

0,2187,1150,694,719

0,2188,1151,794,821

0,2189,1152,894,919

0,2190,1153,994,21

0,2191,1154,94,119

0,2192,1155,195,222

0,2193,1156,295,323

0,2194,1157,395,422

0,2195,1158,495,522

0,2196,1159,595,623

0,2197,1160,695,722

0,2198,1161,795,821

0,2199,1162,895,923

0,2200,1163,995,22

0,2201,1164,95,122

0,2202,1165,195,223

0,2203,1166,295,321

0,2204,1167,395,420

0,2205,1168,496,521

0,2206,1169,597,625

0,2207,1170,697,724

0,2208,1171,797,825

0,2209,1172,897,924

0,2210,1173,997,24

0,2211,1174,98,124

0,2212,1175,197,224

0,2213,1176,298,324

0,2214,1177,397,424

0,2215,1178,497,522

0,2216,1179,597,622

0,2217,1180,698,728

0,2218,1181,798,826

0,2219,1182,898,925

0,2220,1183,997,29

0,2221,1184,97,122

0,2222,1185,197,222

0,2223,1186,297,324

0,2224,1187,397,427

0,2225,1188,498,525

0,2226,1189,598,624

0,2227,1190,699,726

0,2228,1191,803,828

0,2229,1192,900,925

0,2230,1193,1,25

0,2231,1194,102,128

0,2232,1195,202,231

0,2233,1196,302,329

0,2234,1197,402,431

0,2235,1198,502,530

0,2236,1199,602,628

0,2237,1200,703,730

0,2238,1201,803,830

0,2239,1202,904,929

0,2240,1203,4,29

0,2241,1204,104,129

0,2242,1205,204,231

0,2243,1206,304,331

0,2244,1207,405,432

0,2245,1208,505,534

0,2246,1209,605,630

0,2247,1210,705,734

0,2248,1211,805,832

0,2249,1212,905,933

0,2250,1213,5,32

0,2251,1214,106,134

0,2252,1215,206,238

0,2253,1216,307,335

0,2254,1217,408,434

0,2255,1218,509,537

0,2256,1219,610,635

0,2257,1220,710,736

0,2258,1221,811,842

0,2259,1222,910,936

0,2260,1223,10,36

0,2261,1224,110,136

0,2262,1225,211,238

0,2263,1226,311,336

0,2264,1227,412,437

0,2265,1228,519,562

0,2266,1229,612,660

0,2267,1230,713,739

0,2268,1231,813,840

0,2269,1232,913,941

0,2270,1233,13,38

0,2271,1234,113,138

0,2272,1235,214,239

0,2273,1236,314,338

0,2274,1237,414,440

0,2275,1238,514,540

0,2276,1239,614,641

0,2277,1240,714,741

0,2278,1241,814,840

0,2279,1242,914,943

0,2280,1243,14,42

0,2281,1244,115,143

0,2282,1245,215,244

0,2283,1246,316,340

0,2284,1247,416,445

0,2285,1248,516,545

0,2286,1249,616,643

0,2287,1250,716,743

0,2288,1251,816,843

0,2289,1252,917,942

0,2290,1253,20,77

0,2291,1254,118,145

0,2292,1255,218,247

0,2293,1256,319,346

0,2294,1257,419,446

0,2295,1258,519,558

0,2296,1259,620,651

0,2297,1260,719,745

0,2298,1261,819,844

0,2299,1262,919,949

0,2300,1263,19,47

0,2301,1264,119,144

0,2302,1265,219,244

0,2303,1266,319,349

0,2304,1267,419,446

0,2305,1268,519,544

0,2306,1269,619,645

0,2307,1270,719,744

0,2308,1271,819,847

0,2309,1272,919,947

0,2310,1273,20,47

0,2311,1274,120,146

0,2312,1275,220,245

0,2313,1276,320,711

0,2314,1277,421,717

0,2315,1278,520,724

0,2316,1279,620,733

0,2317,1280,727,766

0,2318,1281,821,849

0,2319,1282,921,112

0,2320,1283,21,117

0,2321,1284,124,315

0,2322,1285,224,320

0,2323,1286,329,356

0,2324,1287,427,452

0,2325,1288,528,555

0,2326,1289,627,653

0,2327,1290,727,753

0,2328,1291,827,852

0,2329,1292,927,953

0,2330,1293,28,59

0,2331,1294,127,153

0,2332,1295,227,253

0,2333,1296,327,352

0,2334,1297,427,453

0,2335,1298,527,554

0,2336,1299,627,652

0,2337,1300,728,755

0,2338,1301,829,853

0,2339,1302,930,956

0,2340,1303,30,57

0,2341,1304,130,155

0,2342,1305,231,256

0,2343,1306,331,356

0,2344,1307,431,458

0,2345,1308,532,558

0,2346,1309,633,662

0,2347,1310,734,761

0,2348,1311,834,858

0,2349,1312,934,960

0,2350,1313,34,59

0,2351,1314,134,165

0,2352,1315,234,260

0,2353,1316,334,359

0,2354,1317,434,460

0,2355,1318,534,561

0,2356,1319,634,659

0,2357,1320,734,759

0,2358,1321,834,860

0,2359,1322,934,959

0,2360,1323,35,63

0,2361,1324,135,162

0,2362,1325,235,263

0,2363,1326,335,364

0,2364,1327,435,461

0,2365,1328,535,561

0,2366,1329,636,661

0,2367,1330,736,762

0,2368,1331,836,863

0,2369,1332,937,964

0,2370,1333,37,62

0,2371,1334,137,162

0,2372,1335,237,263

0,2373,1336,338,380

0,2374,1337,437,481

0,2375,1338,538,571

0,2376,1339,637,665

0,2377,1340,738,763

0,2378,1341,838,863

0,2379,1342,938,967

0,2380,1343,38,63

0,2381,1344,139,164

0,2382,1345,239,265

0,2383,1346,339,364

0,2384,1347,439,465

0,2385,1348,539,564

0,2386,1349,641,666

0,2387,1350,741,766

0,2388,1351,842,870

0,2389,1352,942,13

0,2390,1353,43,73

0,2391,1354,143,170

0,2392,1355,243,270

0,2393,1356,343,370

0,2394,1357,443,471

0,2395,1358,543,568

0,2396,1359,644,669

0,2397,1360,744,770

0,2398,1361,844,871

0,2399,1362,944,978

0,2400,1363,45,74

0,2401,1364,146,173

0,2402,1365,246,273

0,2403,1366,347,377

0,2404,1367,448,473

0,2405,1368,547,574

0,2406,1369,648,672

0,2407,1370,749,776

0,2408,1371,850,875

0,2409,1372,950,975

0,2410,1373,50,77

0,2411,1374,152,178

0,2412,1375,253,280

0,2413,1376,353,381

0,2414,1377,454,483

0,2415,1378,553,580

0,2416,1379,654,680

0,2417,1380,754,780

0,2418,1381,854,879

0,2419,1382,954,984

0,2420,1383,54,83

0,2421,1384,155,182

0,2422,1385,255,281

0,2423,1386,355,382

0,2424,1387,455,481

0,2425,1388,555,583

0,2426,1389,656,683

0,2427,1390,756,784

0,2428,1391,856,884

0,2429,1392,956,984

0,2430,1393,56,87

0,2431,1394,156,184

0,2432,1395,256,283

0,2433,1396,356,382

0,2434,1397,457,483

0,2435,1398,557,585

0,2436,1399,657,684

0,2437,1400,757,788

0,2438,1401,857,885

0,2439,1402,957,984

0,2440,1403,57,92

0,2441,1404,157,192

0,2442,1405,257,286

0,2443,1406,358,384

0,2444,1407,458,486

0,2445,1408,559,586

0,2446,1409,659,685

0,2447,1410,759,786

0,2448,1411,859,885

0,2449,1412,960,987

0,2450,1413,61,91

0,2451,1414,161,190

0,2452,1415,261,290

0,2453,1416,361,386

0,2454,1417,461,489

0,2455,1418,561,588

0,2456,1419,662,690

0,2457,1420,762,790

0,2458,1421,862,888

0,2459,1422,962,992

0,2460,1423,62,90

0,2461,1424,162,188

0,2462,1425,262,292

0,2463,1426,362,389

0,2464,1427,462,489

0,2465,1428,562,589

0,2466,1429,662,689

0,2467,1430,763,789

0,2468,1431,863,889

0,2469,1432,963,988

0,2470,1433,63,90

0,2471,1434,163,189

0,2472,1435,263,296

0,2473,1436,363,390

0,2474,1437,464,492

0,2475,1438,564,590

0,2476,1439,665,691

0,2477,1440,766,792

0,2478,1441,866,892

0,2479,1442,967,993

0,2480,1443,66,92

0,2481,1444,167,193

0,2482,1445,267,296

0,2483,1446,367,394

0,2484,1447,468,495

0,2485,1448,568,595

0,2486,1449,668,695

0,2487,1450,769,796

0,2488,1451,869,895

0,2489,1452,970,997

0,2490,1453,70,96

0,2491,1454,171,198

0,2492,1455,271,297

0,2493,1456,371,400

0,2494,1457,472,498

0,2495,1458,572,599

0,2496,1459,672,699

0,2497,1460,773,799

0,2498,1461,873,901

0,2499,1462,974,11

0,2500,1463,74,121

0,2501,1464,175,224

0,2502,1465,276,310

0,2503,1466,376,405

0,2504,1467,476,503

0,2505,1468,576,607

0,2506,1469,676,710

0,2507,1470,776,808

0,2508,1471,876,906

0,2509,1472,976,4

0,2510,1473,78,109

0,2511,1474,179,209

0,2512,1475,279,309

0,2513,1476,379,412

0,2514,1477,480,507

0,2515,1478,579,610

0,2516,1479,679,708

0,2517,1480,780,815

0,2518,1481,880,908

0,2519,1482,980,10

0,2520,1483,81,112

0,2521,1484,181,211

0,2522,1485,282,312

0,2523,1486,382,415

0,2524,1487,483,511

0,2525,1488,583,615

0,2526,1489,684,711

0,2527,1490,784,812

0,2528,1491,884,912

0,2529,1492,984,11

0,2530,1493,85,118

0,2531,1494,185,212

0,2532,1495,285,316

0,2533,1496,385,412

0,2534,1497,485,511

0,2535,1498,586,612

0,2536,1499,687,712

0,2537,1500,787,814

0,2538,1501,887,914

0,2539,1502,987,15

0,2540,1503,87,115

0,2541,1504,187,212

0,2542,1505,287,315

0,2543,1506,388,416

0,2544,1507,489,515

0,2545,1508,588,616

0,2546,1509,689,715

0,2547,1510,789,832

0,2548,1511,889,931

0,2549,1512,989,31

0,2550,1513,89,116

0,2551,1514,190,216

0,2552,1515,290,316

0,2553,1516,390,418

0,2554,1517,491,518

0,2555,1518,591,617

0,2556,1519,692,717

0,2557,1520,793,820

0,2558,1521,893,920

0,2559,1522,994,20

0,2560,1523,94,120

0,2561,1524,194,221

0,2562,1525,294,320

0,2563,1526,394,421

0,2564,1527,494,521

0,2565,1528,594,620

0,2566,1529,694,721

0,2567,1530,794,821

0,2568,1531,894,920

0,2569,1532,994,21

0,2570,1533,95,120

0,2571,1534,196,222

0,2572,1535,296,323

0,2573,1536,396,422

0,2574,1537,497,524

0,2575,1538,597,623

0,2576,1539,698,724

0,2577,1540,798,825

0,2578,1541,898,925

0,2579,1542,999,26

0,2580,1543,99,126

0,2581,1544,199,228

0,2582,1545,299,325

0,2583,1546,399,428

0,2584,1547,499,525

0,2585,1548,600,627

0,2586,1549,700,727

0,2587,1550,800,830

0,2588,1551,900,926

0,2589,1552,1,28

0,2590,1553,101,126

0,2591,1554,201,233

0,2592,1555,301,329

0,2593,1556,401,429

0,2594,1557,502,532

0,2595,1558,603,629

0,2596,1559,703,738

0,2597,1560,803,830

0,2598,1561,904,928

0,2599,1562,4,29

0,2600,1563,104,130

0,2601,1564,204,230

0,2602,1565,305,330

0,2603,1566,405,430

0,2604,1567,505,531

0,2605,1568,606,633

0,2606,1569,706,735

0,2607,1570,806,832

0,2608,1571,906,934

0,2609,1572,7,34

0,2610,1573,107,135

0,2611,1574,208,235

0,2612,1575,309,336

0,2613,1576,409,436

0,2614,1577,509,536

0,2615,1578,609,639

0,2616,1579,709,736

0,2617,1580,810,837

0,2618,1581,909,936

0,2619,1582,10,37

0,2620,1583,110,138

0,2621,1584,211,236

0,2622,1585,312,344

0,2623,1586,412,438

0,2624,1587,512,539

0,2625,1588,612,639

0,2626,1589,715,742

0,2627,1590,813,839

0,2628,1591,913,940

0,2629,1592,14,56

0,2630,1593,115,144

0,2631,1594,215,241

0,2632,1595,315,340

0,2633,1596,416,443

0,2634,1597,518,545

0,2635,1598,618,647

0,2636,1599,718,747

0,2637,1600,819,846

0,2638,1601,920,949

0,2639,1602,20,47

0,2640,1603,120,148

0,2641,1604,220,251

0,2642,1605,320,348

0,2643,1606,420,448

0,2644,1607,520,550

0,2645,1608,620,648

0,2646,1609,721,754

0,2647,1610,821,847

0,2648,1611,922,948

0,2649,1612,22,50

0,2650,1613,123,149

0,2651,1614,223,252

0,2652,1615,323,350

0,2653,1616,424,450

0,2654,1617,525,551

0,2655,1618,625,652

0,2656,1619,725,752

0,2657,1620,825,853

0,2658,1621,926,954

0,2659,1622,27,53

0,2660,1623,127,154

0,2661,1624,228,255

0,2662,1625,327,353

0,2663,1626,427,456

0,2664,1627,527,553

0,2665,1628,627,654

0,2666,1629,728,755

0,2667,1630,828,854

0,2668,1631,929,955

0,2669,1632,29,55

0,2670,1633,129,155

0,2671,1634,229,256

0,2672,1635,329,356

0,3155,1636,767,792

0,3156,1637,865,890

0,3157,1638,965,76

0,3158,1639,66,95

0,3159,1640,165,188

0,3160,1641,265,290

0,3161,1642,365,389

0,3162,1643,465,490

0,3163,1644,566,590

0,3164,1645,666,690

0,3165,1646,767,794

0,3166,1647,869,894

0,3167,1648,969,993

0,3168,1649,69,96

0,3169,1650,169,195

0,3170,1651,269,295

0,3171,1652,369,396

0,3172,1653,469,493

0,3173,1654,569,593

0,3174,1655,669,696

0,3175,1656,769,794

0,3176,1657,870,894

0,3177,1658,970,997

0,3178,1659,70,95

0,3179,1660,170,195

0,3180,1661,270,295

0,3181,1662,370,394

0,3182,1663,470,497

0,3183,1664,570,595

0,3184,1665,670,697

0,3185,1666,770,796

0,3186,1667,870,900

0,3187,1668,970,995

0,3188,1669,70,94

0,3189,1670,170,194

0,3190,1671,270,294

0,3191,1672,370,397

0,3192,1673,470,496

0,3193,1674,570,599

0,3194,1675,670,697

0,3195,1676,770,795

0,3196,1677,870,894

0,3197,1678,970,994

0,3198,1679,70,97

0,3199,1680,170,195

0,3200,1681,270,297

0,3201,1682,370,394

0,3202,1683,470,495

0,3203,1684,570,594

0,3204,1685,670,700

0,3205,1686,770,794

0,3206,1687,870,898

0,3207,1688,970,995

0,3208,1689,71,97

0,3209,1690,171,196

0,3210,1691,271,295

0,3211,1692,371,397

0,3212,1693,471,497

0,3213,1694,572,598

0,3214,1695,672,700

0,3215,1696,772,801

0,3216,1697,872,901

0,3217,1698,972,996

0,3218,1699,72,98

0,3219,1700,172,196

0,3220,1701,272,296

0,3221,1702,372,396

0,3222,1703,472,500

0,3223,1704,572,597

0,3224,1705,672,697

0,3225,1706,772,801

0,3226,1707,872,898

0,3227,1708,972,0

0,3228,1709,72,98

0,3229,1710,172,200

0,3230,1711,273,300

0,3231,1712,373,398

0,3232,1713,473,499

0,3233,1714,574,600

0,3234,1715,674,703

0,3235,1716,775,801

0,3236,1717,875,902

0,3237,1718,975,0

0,3238,1719,76,100

0,3239,1720,176,201

0,3240,1721,276,301

0,3241,1722,376,404

0,3242,1723,476,502

0,3243,1724,576,602

0,3244,1725,678,703

0,3245,1726,777,804

0,3246,1727,877,902

0,3247,1728,977,3

0,3248,1729,77,103

0,3249,1730,177,201

0,3250,1731,278,302

0,3251,1732,377,403

0,3252,1733,478,505

0,3253,1734,577,602

0,3254,1735,678,913

0,3255,1736,778,920

0,3256,1737,877,927

0,3257,1738,980,20

0,3258,1739,80,121

0,3259,1740,180,204

0,3260,1741,280,307

0,3261,1742,380,405

0,3262,1743,480,504

0,3263,1744,581,604

0,3264,1745,681,704

0,3265,1746,781,806

0,3266,1747,881,909

0,3267,1748,981,8

