t,s,l,time,newtime,rssi,now
0,0,167,332,381,,1698174138381
0,1,168,923,400,,1698174138400
0,2,169,144,452,,1698174138452
0,3,170,319,472,,1698174138472
0,4,171,346,489,,1698174138489
0,5,172,366,515,,1698174138515
0,6,173,384,517,,1698174138517
0,7,174,403,531,,1698174138531
0,8,175,455,558,,1698174138558
0,9,176,478,572,,1698174138572
0,10,177,492,586,,1698174138586
0,11,178,506,601,,1698174138601
0,12,179,520,617,,1698174138617
0,13,180,534,660,,1698174138660
0,14,181,548,687,,1698174138687
0,15,182,561,717,,1698174138717
0,16,183,575,718,,1698174138718
0,17,184,590,747,,1698174138747
0,18,185,604,774,,1698174138774
0,19,186,640,802,,1698174138802
0,20,187,663,830,,1698174138830
0,21,188,691,852,,1698174138852
0,22,189,722,882,,1698174138882
0,23,190,750,904,,1698174138904
0,24,191,778,933,,1698174138933
0,25,192,806,963,,1698174138963
0,26,193,833,994,,1698174138994
0,27,194,856,93,,1698174139093
0,28,195,886,118,,1698174139118
0,29,196,908,136,,1698174139136
0,30,197,937,152,,1698174139152
0,31,198,969,166,,1698174139166
0,32,199,7,179,,1698174139179
0,33,200,103,192,,1698174139192
0,34,201,125,217,,1698174139217
0,35,202,141,231,,1698174139231
0,36,203,156,249,,1698174139249
0,37,204,169,264,,1698174139264
0,38,205,182,281,,1698174139281
0,39,206,194,296,,1698174139296
0,40,207,206,297,,1698174139297
0,41,208,221,312,,1698174139312
0,42,209,234,326,,1698174139326
0,43,210,252,339,,1698174139339
0,44,211,268,354,,1698174139354
0,45,212,286,378,,1698174139378
0,46,213,301,391,,1698174139391
0,47,214,316,393,,1698174139393
0,48,215,329,423,,1698174139423
0,49,216,342,437,,1698174139437
0,50,217,356,450,,1698174139450
0,51,218,369,464,,1698174139464
0,52,219,382,465,,1698174139465
0,53,220,395,491,,1698174139491
0,54,221,409,505,,1698174139505
0,55,222,426,518,,1698174139518
0,56,223,440,532,,1698174139532
0,57,224,455,545,,1698174139545
0,58,225,467,560,,1698174139560
0,59,226,481,574,,1698174139574
0,60,227,495,590,,1698174139590
0,61,228,508,603,,1698174139603
0,62,229,522,605,,1698174139605
0,63,230,535,631,,1698174139631
0,64,231,548,644,,1698174139644
0,65,232,563,658,,1698174139658
0,66,233,577,671,,1698174139671
0,67,234,594,695,,1698174139695
0,68,235,607,742,,1698174139742
0,69,236,620,770,,1698174139770
0,70,237,634,795,,1698174139795
0,71,238,648,796,,1698174139796
0,72,239,661,826,,1698174139826
0,73,240,675,856,,1698174139856
0,74,241,698,883,,1698174139883
0,75,242,745,910,,1698174139910
0,76,243,774,934,,1698174139934
0,77,244,804,955,,1698174139955
0,78,245,835,982,,1698174139982
0,79,246,866,8,,1698174140008
0,80,247,887,100,,1698174140100
0,81,248,913,120,,1698174140120
0,82,249,937,135,,1698174140135
0,83,250,958,163,,1698174140163
0,84,251,995,200,,1698174140200
0,85,252,12,213,,1698174140213
0,86,253,108,226,,1698174140226
0,87,254,124,239,,1698174140239
0,88,255,140,263,,1698174140263
0,89,256,167,277,,1698174140277
0,90,257,203,290,,1698174140290
0,91,258,217,303,,1698174140303
0,92,259,230,317,,1698174140317
0,93,260,241,332,,1698174140332
0,94,261,253,346,,1698174140346
0,95,262,267,360,,1698174140360
0,96,263,280,377,,1698174140377
0,97,264,294,379,,1698174140379
0,98,265,307,405,,1698174140405
0,99,266,320,419,,1698174140419
0,100,267,336,420,,1698174140420
0,101,268,350,448,,1698174140448
0,102,269,370,461,,1698174140461
0,103,270,381,476,,1698174140476
0,104,271,395,489,,1698174140489
0,105,272,410,503,,1698174140503
0,106,273,423,516,,1698174140516
0,107,274,436,518,,1698174140518
0,108,275,451,546,,1698174140546
0,109,276,464,560,,1698174140560
0,110,277,479,573,,1698174140573
0,111,278,493,586,,1698174140586
0,112,279,507,588,,1698174140588
0,113,280,520,613,,1698174140613
0,114,281,533,626,,1698174140626
0,115,282,549,640,,1698174140640
0,116,283,563,653,,1698174140653
0,117,284,577,666,,1698174140666
0,118,285,590,681,,1698174140681
0,119,286,603,694,,1698174140694
0,120,287,616,708,,1698174140708
0,121,288,630,724,,1698174140724
0,122,289,643,725,,1698174140725
0,123,290,656,751,,1698174140751
0,124,291,669,765,,1698174140765
0,125,292,684,766,,1698174140766
0,126,293,698,790,,1698174140790
0,127,294,712,803,,1698174140803
0,128,295,728,818,,1698174140818
0,129,296,741,831,,1698174140831
0,130,297,756,845,,1698174140845
0,131,298,768,858,,1698174140858
0,132,299,781,860,,1698174140860
0,133,300,793,885,,1698174140885
0,134,301,806,901,,1698174140901
0,135,302,821,915,,1698174140915
0,136,303,835,928,,1698174140928
0,137,304,849,941,,1698174140941
0,138,305,862,943,,1698174140943
0,139,306,875,970,,1698174140970
0,140,307,891,996,,1698174140996
0,141,308,904,23,,1698174141023
0,142,309,918,25,,1698174141025
0,143,310,932,151,,1698174141151
0,144,311,945,153,,1698174141153
0,145,312,960,154,,1698174141154
0,146,313,988,170,,1698174141170
0,147,314,10,185,,1698174141185
0,148,315,81,199,,1698174141199
0,149,316,118,212,,1698174141212
0,150,317,141,225,,1698174141225
0,151,318,161,249,,1698174141249
0,152,319,174,263,,1698174141263
0,153,320,189,276,,1698174141276
0,154,321,202,290,,1698174141290
0,155,322,215,303,,1698174141303
0,156,323,227,322,,1698174141322
0,157,324,239,335,,1698174141335
0,158,325,253,349,,1698174141349
0,159,326,266,363,,1698174141363
0,160,327,280,364,,1698174141364
0,161,328,293,390,,1698174141390
0,162,329,306,403,,1698174141403
0,163,330,325,417,,1698174141417
0,164,331,339,430,,1698174141430
0,165,332,354,443,,1698174141443
0,166,333,367,458,,1698174141458
0,167,334,380,472,,1698174141472
0,168,335,394,488,,1698174141488
0,169,336,407,501,,1698174141501
0,170,337,420,503,,1698174141503
0,171,338,433,528,,1698174141528
0,172,339,446,541,,1698174141541
0,173,340,461,554,,1698174141554
0,174,341,475,568,,1698174141568
0,175,342,492,581,,1698174141581
0,176,343,505,596,,1698174141596
0,177,344,518,609,,1698174141609
0,178,345,532,623,,1698174141623
0,179,346,545,636,,1698174141636
0,180,347,558,638,,1698174141638
0,181,348,571,666,,1698174141666
0,182,349,585,680,,1698174141680
0,183,350,599,694,,1698174141694
0,184,351,613,708,,1698174141708
0,185,352,627,709,,1698174141709
0,186,353,640,736,,1698174141736
0,187,354,653,749,,1698174141749
0,188,355,669,763,,1698174141763
0,189,356,683,777,,1698174141777
0,190,357,699,791,,1698174141791
0,191,358,712,806,,1698174141806
0,192,359,725,831,,1698174141831
0,193,360,739,854,,1698174141854
0,194,361,753,870,,1698174141870
0,195,362,767,871,,1698174141871
0,196,363,781,898,,1698174141898
0,197,364,794,900,,1698174141900
0,198,365,810,913,,1698174141913
0,199,366,835,926,,1698174141926
0,200,367,860,961,,1698174141961
0,201,368,873,962,,1698174141962
0,202,369,889,978,,1698174141978
0,203,370,903,979,,1698174141979
0,204,371,917,33,,1698174142033
0,205,372,928,34,,1698174142034
0,206,373,940,130,,1698174142130
0,207,374,952,151,,1698174142151
0,208,375,967,165,,1698174142165
0,209,376,996,180,,1698174142180
0,210,377,21,195,,1698174142195
0,211,378,42,209,,1698174142209
0,212,379,139,222,,1698174142222
0,213,380,154,234,,1698174142234
0,214,381,170,259,,1698174142259
0,215,382,184,272,,1698174142272
0,216,383,199,286,,1698174142286
0,217,384,212,303,,1698174142303
0,218,385,225,317,,1698174142317
0,219,386,237,332,,1698174142332
0,220,387,249,347,,1698174142347
0,221,388,263,348,,1698174142348
0,222,389,276,373,,1698174142373
0,223,390,289,374,,1698174142374
0,224,391,307,400,,1698174142400
0,225,392,320,413,,1698174142413
0,226,393,337,427,,1698174142427
0,227,394,351,440,,1698174142440
0,228,395,365,457,,1698174142457
0,229,396,377,472,,1698174142472
0,230,397,390,485,,1698174142485
0,231,398,403,498,,1698174142498
0,232,399,417,512,,1698174142512
0,233,400,430,513,,1698174142513
0,234,401,443,539,,1698174142539
0,235,402,460,552,,1698174142552
0,236,403,475,565,,1698174142565
0,237,404,488,578,,1698174142578
0,238,405,503,591,,1698174142591
0,239,406,516,608,,1698174142608
0,240,407,529,622,,1698174142622
0,241,408,542,635,,1698174142635
0,242,409,555,649,,1698174142649
0,243,410,568,650,,1698174142650
0,244,411,581,675,,1698174142675
0,245,412,595,689,,1698174142689
0,246,413,612,702,,1698174142702
0,247,414,625,715,,1698174142715
0,248,415,640,728,,1698174142728
0,249,416,653,743,,1698174142743
0,250,417,665,756,,1698174142756
0,251,418,679,770,,1698174142770
0,252,419,692,786,,1698174142786
0,253,420,705,787,,1698174142787
0,254,421,718,823,,1698174142823
0,255,422,731,837,,1698174142837
0,256,423,746,838,,1698174142838
0,257,424,760,862,,1698174142862
0,258,425,774,875,,1698174142875
0,259,426,790,890,,1698174142890
0,260,427,813,903,,1698174142903
0,261,428,828,917,,1698174142917
0,262,429,841,930,,1698174142930
0,263,430,853,932,,1698174142932
0,264,431,865,957,,1698174142957
0,265,432,878,972,,1698174142972
0,266,433,893,987,,1698174142987
0,267,434,907,14,,1698174143014
0,268,435,921,42,,1698174143042
0,269,436,934,43,,1698174143043
0,270,437,946,154,,1698174143154
0,271,438,963,156,,1698174143156
0,272,439,976,171,,1698174143171
0,273,440,5,186,,1698174143186
0,274,441,28,201,,1698174143201
0,275,442,46,215,,1698174143215
0,276,443,144,232,,1698174143232
0,277,444,159,245,,1698174143245
0,278,445,176,269,,1698174143269
0,279,446,190,271,,1698174143271
0,280,447,205,307,,1698174143307
0,281,448,223,309,,1698174143309
0,282,449,235,310,,1698174143310
0,283,450,248,325,,1698174143325
0,284,451,261,352,,1698174143352
0,285,452,273,353,,1698174143353
0,286,453,285,367,,1698174143367
0,287,454,299,390,,1698174143390
0,288,455,314,407,,1698174143407
0,289,456,328,423,,1698174143423
0,290,457,342,437,,1698174143437
0,291,458,357,451,,1698174143451
0,292,459,369,452,,1698174143452
0,293,460,382,465,,1698174143465
0,294,461,399,490,,1698174143490
0,295,462,411,503,,1698174143503
0,296,463,426,516,,1698174143516
0,297,464,441,529,,1698174143529
0,298,465,455,543,,1698174143543
0,299,466,468,560,,1698174143560
0,300,467,480,581,,1698174143581
0,301,468,493,603,,1698174143603
0,302,469,506,630,,1698174143630
0,303,470,519,631,,1698174143631
0,304,471,533,682,,1698174143682
0,305,472,546,683,,1698174143683
0,306,473,564,710,,1698174143710
0,307,474,585,745,,1698174143745
0,308,475,608,822,,1698174143822
0,309,476,633,824,,1698174143824
0,310,477,667,860,,1698174143860
0,311,478,687,895,,1698174143895
0,312,479,713,940,,1698174143940
0,313,480,747,973,,1698174143973
0,314,481,793,12,,1698174144012
0,315,482,827,105,,1698174144105
0,316,483,863,260,,1698174144260
0,317,484,898,300,,1698174144300
0,318,485,943,335,,1698174144335
0,319,486,977,372,,1698174144372
0,320,487,15,404,,1698174144404
0,321,488,118,442,,1698174144442
0,322,489,264,500,,1698174144500
0,323,490,307,550,,1698174144550
0,324,491,339,583,,1698174144583
0,325,492,376,615,,1698174144615
0,326,493,407,653,,1698174144653
0,327,494,470,700,,1698174144700
0,328,495,503,734,,1698174144734
0,329,496,553,763,,1698174144763
0,330,497,587,800,,1698174144800
0,331,498,618,834,,1698174144834
0,332,499,657,873,,1698174144873
0,333,500,703,910,,1698174144910
0,334,501,737,937,,1698174144937
0,335,502,767,967,,1698174144967
0,336,503,803,993,,1698174144993
0,337,504,838,22,,1698174145022
0,338,505,877,44,,1698174145044
0,339,506,913,95,,1698174145095
0,340,507,941,260,,1698174145260
0,341,508,971,300,,1698174145300
0,342,509,997,342,,1698174145342
0,343,510,25,362,,1698174145362
0,344,511,75,383,,1698174145383
0,345,512,115,410,,1698174145410
0,346,513,264,450,,1698174145450
0,347,514,319,470,,1698174145470
0,348,515,347,492,,1698174145492
0,349,516,365,530,,1698174145530
0,350,517,387,594,,1698174145594
0,351,518,413,620,,1698174145620
0,352,519,453,621,,1698174145621
0,353,520,473,646,,1698174145646
0,354,521,519,674,,1698174145674
0,355,522,532,695,,1698174145695
0,356,523,565,717,,1698174145717
0,357,524,598,734,,1698174145734
0,358,525,625,747,,1698174145747
0,359,526,649,759,,1698174145759
0,360,527,677,793,,1698174145793
0,361,528,698,794,,1698174145794
0,362,529,721,795,,1698174145795
0,363,530,738,820,,1698174145820
0,364,531,750,834,,1698174145834
0,365,532,762,846,,1698174145846
0,366,533,772,847,,1698174145847
0,367,534,785,880,,1698174145880
0,368,535,797,882,,1698174145882
0,369,536,811,897,,1698174145897
0,370,537,823,914,,1698174145914
0,371,538,838,927,,1698174145927
0,372,539,849,929,,1698174145929
0,373,540,860,942,,1698174145942
0,374,541,872,954,,1698174145954
0,375,542,885,977,,1698174145977
0,376,543,903,990,,1698174145990
0,377,544,918,3,,1698174146003
0,378,545,932,16,,1698174146016
0,379,546,945,30,,1698174146030
0,380,547,956,43,,1698174146043
0,381,548,969,69,,1698174146069
0,382,549,981,100,,1698174146100
0,383,550,993,190,,1698174146190
0,384,551,6,211,,1698174146211
0,385,552,19,213,,1698174146213
0,386,553,33,229,,1698174146229
0,387,554,62,243,,1698174146243
0,388,555,82,258,,1698174146258
0,389,556,103,271,,1698174146271
0,390,557,200,283,,1698174146283
0,391,558,216,296,,1698174146296
0,392,559,233,319,,1698174146319
0,393,560,246,336,,1698174146336
0,394,561,261,349,,1698174146349
0,395,562,274,362,,1698174146362
0,396,563,286,375,,1698174146375
0,397,564,298,390,,1698174146390
0,398,565,310,403,,1698174146403
0,399,566,323,416,,1698174146416
0,400,567,340,429,,1698174146429
0,401,568,353,431,,1698174146431
0,402,569,365,456,,1698174146456
0,403,570,379,469,,1698174146469
0,404,571,393,482,,1698174146482
0,405,572,406,495,,1698174146495
0,406,573,421,511,,1698174146511
0,407,574,433,526,,1698174146526
0,408,575,446,539,,1698174146539
0,409,576,459,552,,1698174146552
0,410,577,472,553,,1698174146553
0,411,578,485,566,,1698174146566
0,412,579,498,590,,1698174146590
0,413,580,514,603,,1698174146603
0,414,581,529,616,,1698174146616
0,415,582,543,628,,1698174146628
0,416,583,557,641,,1698174146641
0,417,584,569,658,,1698174146658
0,418,585,580,671,,1698174146671
0,419,586,594,683,,1698174146683
0,420,587,606,696,,1698174146696
0,421,588,619,709,,1698174146709
0,422,589,632,723,,1698174146723
0,423,590,644,736,,1698174146736
0,424,591,661,749,,1698174146749
0,425,592,674,761,,1698174146761
0,426,593,687,774,,1698174146774
0,427,594,699,788,,1698174146788
0,428,595,712,801,,1698174146801
0,429,596,726,814,,1698174146814
0,430,597,739,829,,1698174146829
0,431,598,752,842,,1698174146842
0,432,599,765,857,,1698174146857
0,433,600,777,870,,1698174146870
0,434,601,792,883,,1698174146883
0,435,602,804,895,,1698174146895
0,436,603,817,897,,1698174146897
0,437,604,832,921,,1698174146921
0,438,605,845,934,,1698174146934
0,439,606,860,947,,1698174146947
0,440,607,873,959,,1698174146959
0,441,608,887,972,,1698174146972
0,442,609,899,986,,1698174146986
0,443,610,911,1,,1698174147001
0,444,611,924,15,,1698174147015
0,445,612,937,27,,1698174147027
0,446,613,950,39,,1698174147039
0,447,614,962,41,,1698174147041
0,448,615,975,104,,1698174147104
0,449,616,989,105,,1698174147105
0,450,617,5,193,,1698174147193
0,451,618,18,195,,1698174147195
0,452,619,31,220,,1698174147220
0,453,620,43,234,,1698174147234
0,454,621,71,252,,1698174147252
0,455,622,91,266,,1698174147266
0,456,623,109,288,,1698174147288
0,457,624,207,301,,1698174147301
0,458,625,223,314,,1698174147314
0,459,626,239,327,,1698174147327
0,460,627,255,342,,1698174147342
0,461,628,268,356,,1698174147356
0,462,629,280,376,,1698174147376
0,463,630,292,389,,1698174147389
0,464,631,305,390,,1698174147390
0,465,632,317,416,,1698174147416
0,466,633,331,428,,1698174147428
0,467,634,345,445,,1698174147445
0,468,635,359,446,,1698174147446
0,469,636,380,484,,1698174147484
0,470,637,393,485,,1698174147485
0,471,638,407,486,,1698174147486
0,472,639,419,501,,1698174147501
0,473,640,438,514,,1698174147514
0,474,641,448,526,,1698174147526
0,475,642,460,539,,1698174147539
0,476,643,475,572,,1698174147572
0,477,644,490,573,,1698174147573
0,478,645,505,575,,1698174147575
0,479,646,517,599,,1698174147599
0,480,647,529,616,,1698174147616
0,481,648,541,628,,1698174147628
0,482,649,552,630,,1698174147630
0,483,650,565,663,,1698174147663
0,484,651,577,665,,1698174147665
0,485,652,590,680,,1698174147680
0,486,653,605,693,,1698174147693
0,487,654,620,706,,1698174147706
0,488,655,632,719,,1698174147719
0,489,656,643,720,,1698174147720
0,490,657,655,745,,1698174147745
0,491,658,668,760,,1698174147760
0,492,659,683,773,,1698174147773
0,493,660,696,786,,1698174147786
0,494,661,710,787,,1698174147787
0,495,662,722,812,,1698174147812
0,496,663,735,830,,1698174147830
0,497,664,748,853,,1698174147853
0,498,665,763,869,,1698174147869
0,499,666,777,884,,1698174147884
0,500,667,789,898,,1698174147898
0,501,668,802,899,,1698174147899
0,502,669,815,912,,1698174147912
0,503,670,833,924,,1698174147924
0,504,671,856,950,,1698174147950
0,505,672,872,963,,1698174147963
0,506,673,888,976,,1698174147976
0,507,674,902,989,,1698174147989
0,508,675,916,991,,1698174147991
0,509,676,927,15,,1698174148015
0,510,677,938,28,,1698174148028
0,511,678,954,40,,1698174148040
0,512,679,967,54,,1698174148054
0,513,680,981,81,,1698174148081
0,514,681,993,107,,1698174148107
0,515,682,5,202,,1698174148202
0,516,683,18,223,,1698174148223
0,517,684,31,224,,1698174148224
0,518,685,43,240,,1698174148240
0,519,686,57,254,,1698174148254
0,520,687,94,269,,1698174148269
0,521,688,110,282,,1698174148282
0,522,689,212,294,,1698174148294
0,523,690,228,306,,1698174148306
0,524,691,244,330,,1698174148330
0,525,692,257,347,,1698174148347
0,526,693,272,360,,1698174148360
0,527,694,285,373,,1698174148373
0,528,695,297,386,,1698174148386
0,529,696,309,400,,1698174148400
0,530,697,320,414,,1698174148414
0,531,698,334,427,,1698174148427
0,532,699,350,440,,1698174148440
0,533,700,363,441,,1698174148441
0,534,701,376,466,,1698174148466
0,535,702,389,479,,1698174148479
0,536,703,404,491,,1698174148491
0,537,704,417,504,,1698174148504
0,538,705,431,520,,1698174148520
0,539,706,443,534,,1698174148534
0,540,707,456,547,,1698174148547
0,541,708,469,560,,1698174148560
0,542,709,482,573,,1698174148573
0,543,710,495,574,,1698174148574
0,544,711,507,599,,1698174148599
0,545,712,523,612,,1698174148612
0,546,713,537,625,,1698174148625
0,547,714,550,637,,1698174148637
0,548,715,564,650,,1698174148650
0,549,716,576,664,,1698174148664
0,550,717,589,677,,1698174148677
0,551,718,603,693,,1698174148693
0,552,719,615,706,,1698174148706
0,553,720,628,719,,1698174148719
0,554,721,641,733,,1698174148733
0,555,722,653,735,,1698174148735
0,556,723,668,758,,1698174148758
0,557,724,681,771,,1698174148771
0,558,725,696,773,,1698174148773
0,559,726,709,797,,1698174148797
0,560,727,723,809,,1698174148809
0,561,728,737,822,,1698174148822
0,562,729,750,835,,1698174148835
0,563,730,763,847,,1698174148847
0,564,731,775,864,,1698174148864
0,565,732,787,877,,1698174148877
0,566,733,800,890,,1698174148890
0,567,734,813,903,,1698174148903
0,568,735,825,905,,1698174148905
0,569,736,838,929,,1698174148929
0,570,737,851,942,,1698174148942
0,571,738,868,954,,1698174148954
0,572,739,881,967,,1698174148967
0,573,740,894,980,,1698174148980
0,574,741,907,994,,1698174148994
0,575,742,919,7,,1698174149007
0,576,743,932,19,,1698174149019
0,577,744,945,34,,1698174149034
0,578,745,957,47,,1698174149047
0,579,746,970,62,,1698174149062
0,580,747,983,89,,1698174149089
0,581,748,997,90,,1698174149090
0,582,749,10,201,,1698174149201
0,583,750,25,203,,1698174149203
0,584,751,38,230,,1698174149230
0,585,752,51,244,,1698174149244
0,586,753,82,262,,1698174149262
0,587,754,101,276,,1698174149276
0,588,755,121,298,,1698174149298
0,589,756,217,313,,1698174149313
0,590,757,233,325,,1698174149325
0,591,758,249,340,,1698174149340
0,592,759,265,353,,1698174149353
0,593,760,278,366,,1698174149366
0,594,761,289,379,,1698174149379
0,595,762,301,392,,1698174149392
0,596,763,316,410,,1698174149410
0,597,764,329,423,,1698174149423
0,598,765,343,436,,1698174149436
0,599,766,356,449,,1698174149449
0,600,767,369,451,,1698174149451
0,601,768,382,475,,1698174149475
0,602,769,395,488,,1698174149488
0,603,770,413,501,,1698174149501
0,604,771,427,514,,1698174149514
0,605,772,441,526,,1698174149526
0,606,773,453,540,,1698174149540
0,607,774,465,553,,1698174149553
0,608,775,479,566,,1698174149566
0,609,776,491,581,,1698174149581
0,610,777,504,594,,1698174149594
0,611,778,517,609,,1698174149609
0,612,779,529,635,,1698174149635
0,613,780,544,662,,1698174149662
0,614,781,556,685,,1698174149685
0,615,782,569,686,,1698174149686
0,616,783,585,713,,1698174149713
0,617,784,597,740,,1698174149740
0,618,785,612,764,,1698174149764
0,619,786,639,784,,1698174149784
0,620,787,666,810,,1698174149810
0,621,788,699,840,,1698174149840
0,622,789,716,865,,1698174149865
0,623,790,743,893,,1698174149893
0,624,791,767,913,,1698174149913
0,625,792,787,934,,1698174149934
0,626,793,813,960,,1698174149960
0,627,794,843,3,,1698174150003
0,628,795,868,4,,1698174150004
0,629,796,896,30,,1698174150030
0,630,797,916,52,,1698174150052
0,631,798,937,80,,1698174150080
0,632,799,962,140,,1698174150140
0,633,800,986,257,,1698174150257
0,634,801,7,278,,1698174150278
0,635,802,33,296,,1698174150296
0,636,803,56,312,,1698174150312
0,637,804,83,324,,1698174150324
0,638,805,153,337,,1698174150337
0,639,806,261,349,,1698174150349
0,640,807,284,383,,1698174150383
0,641,808,300,385,,1698174150385
0,642,809,315,398,,1698174150398
0,643,810,328,412,,1698174150412
0,644,811,340,429,,1698174150429
0,645,812,351,458,,1698174150458
0,646,813,361,459,,1698174150459
0,647,814,375,512,,1698174150512
0,648,815,388,533,,1698174150533
0,649,816,402,535,,1698174150535
0,650,817,416,563,,1698174150563
0,651,818,449,584,,1698174150584
0,652,819,462,612,,1698174150612
0,653,820,487,633,,1698174150633
0,654,821,516,660,,1698174150660
0,655,822,538,677,,1698174150677
0,656,823,566,690,,1698174150690
0,657,824,588,702,,1698174150702
0,658,825,615,716,,1698174150716
0,659,826,636,750,,1698174150750
0,660,827,663,751,,1698174150751
0,661,828,681,753,,1698174150753
0,662,829,693,777,,1698174150777
0,663,830,708,790,,1698174150790
0,664,831,718,791,,1698174150791
0,665,832,729,805,,1698174150805
0,666,833,743,837,,1698174150837
0,667,834,755,839,,1698174150839
0,668,835,768,840,,1698174150840
0,669,836,781,864,,1698174150864
0,670,837,794,881,,1698174150881
0,671,838,807,893,,1698174150893
0,672,839,817,894,,1698174150894
0,673,840,830,953,,1698174150953
0,674,841,842,955,,1698174150955
0,675,842,856,985,,1698174150985
0,676,843,867,4,,1698174151004
0,677,844,885,32,,1698174151032
0,678,845,896,33,,1698174151033
0,679,846,921,60,,1698174151060
0,680,847,933,84,,1698174151084
0,681,848,958,134,,1698174151134
0,682,849,988,190,,1698174151190
0,683,850,7,324,,1698174151324
0,684,851,36,366,,1698174151366
0,685,852,63,400,,1698174151400
0,686,853,87,439,,1698174151439
0,687,854,162,490,,1698174151490
0,688,855,290,516,,1698174151516
0,689,856,341,540,,1698174151540
0,690,857,375,564,,1698174151564
0,691,858,429,590,,1698174151590
0,692,859,442,612,,1698174151612
0,693,860,493,633,,1698174151633
0,694,861,519,662,,1698174151662
0,695,862,543,711,,1698174151711
0,696,863,567,712,,1698174151712
0,697,864,593,735,,1698174151735
0,698,865,616,763,,1698174151763
0,699,866,636,790,,1698174151790
0,700,867,664,813,,1698174151813
0,701,868,686,833,,1698174151833
0,702,869,715,853,,1698174151853
0,703,870,742,900,,1698174151900
0,704,871,766,924,,1698174151924
0,705,872,793,925,,1698174151925
0,706,873,816,954,,1698174151954
0,707,874,836,983,,1698174151983
0,708,875,856,4,,1698174152004
0,709,876,877,33,,1698174152033
0,710,877,904,53,,1698174152053
0,711,878,928,74,,1698174152074
0,712,879,969,112,,1698174152112
0,713,880,986,173,,1698174152173
0,714,881,7,221,,1698174152221
0,715,882,36,360,,1698174152360
0,716,883,56,400,,1698174152400
0,717,884,77,424,,1698174152424
0,718,885,156,457,,1698174152457
0,719,886,186,483,,1698174152483
0,720,887,311,504,,1698174152504
0,721,888,379,533,,1698174152533
0,722,889,404,553,,1698174152553
0,723,890,438,580,,1698174152580
0,724,891,460,602,,1698174152602
0,725,892,486,624,,1698174152624
0,726,893,507,650,,1698174152650
0,727,894,537,692,,1698174152692
0,728,895,556,694,,1698174152694
0,729,896,583,712,,1698174152712
0,730,897,605,739,,1698174152739
0,731,898,627,740,,1698174152740
0,732,899,652,753,,1698174152753
0,733,900,675,788,,1698174152788
0,734,901,697,789,,1698174152789
0,735,902,715,791,,1698174152791
0,736,903,732,804,,1698174152804
0,737,904,744,828,,1698174152828
0,738,905,755,840,,1698174152840
0,739,906,767,841,,1698174152841
0,740,907,780,874,,1698174152874
0,741,908,794,875,,1698174152875
0,742,909,807,893,,1698174152893
0,743,910,818,906,,1698174152906
0,744,911,832,919,,1698174152919
0,745,912,843,931,,1698174152931
0,746,913,854,932,,1698174152932
0,747,914,866,956,,1698174152956
0,748,915,878,969,,1698174152969
0,749,916,896,981,,1698174152981
0,750,917,909,994,,1698174152994
0,751,918,922,6,,1698174153006
0,752,919,935,20,,1698174153020
0,753,920,946,33,,1698174153033
0,754,921,960,45,,1698174153045
0,755,922,972,61,,1698174153061
0,756,923,984,73,,1698174153073
0,757,924,997,87,,1698174153087
0,758,925,9,100,,1698174153100
0,759,926,23,126,,1698174153126
0,760,927,36,152,,1698174153152
0,761,928,48,168,,1698174153168
0,762,929,64,185,,1698174153185
0,763,930,76,186,,1698174153186
0,764,931,90,200,,1698174153200
0,765,932,118,280,,1698174153280
0,766,933,138,300,,1698174153300
0,767,934,155,332,,1698174153332
0,768,935,175,333,,1698174153333
0,769,936,189,350,,1698174153350
0,770,937,257,363,,1698174153363
0,771,938,283,384,,1698174153384
0,772,939,306,386,,1698174153386
0,773,940,322,439,,1698174153439
0,774,941,338,441,,1698174153441
0,775,942,353,454,,1698174153454
0,776,943,365,455,,1698174153455
0,777,944,377,489,,1698174153489
0,778,945,388,491,,1698174153491
0,779,946,399,492,,1698174153492
0,780,947,423,522,,1698174153522
0,781,948,445,534,,1698174153534
0,782,949,457,546,,1698174153546
0,783,950,469,548,,1698174153548
0,784,951,482,582,,1698174153582
0,785,952,494,584,,1698174153584
0,786,953,513,597,,1698174153597
0,787,954,525,610,,1698174153610
0,788,955,538,623,,1698174153623
0,789,956,550,637,,1698174153637
0,790,957,561,638,,1698174153638
0,791,958,574,661,,1698174153661
0,792,959,587,677,,1698174153677
0,793,960,600,691,,1698174153691
0,794,961,613,704,,1698174153704
0,795,962,627,717,,1698174153717
0,796,963,641,718,,1698174153718
0,797,964,653,731,,1698174153731
0,798,965,668,755,,1698174153755
0,799,966,680,767,,1698174153767
0,800,967,694,780,,1698174153780
0,801,968,708,792,,1698174153792
0,802,969,721,805,,1698174153805
0,803,970,734,819,,1698174153819
0,804,971,745,834,,1698174153834
0,805,972,758,846,,1698174153846
0,806,973,770,859,,1698174153859
0,807,974,783,871,,1698174153871
0,808,975,795,885,,1698174153885
0,809,976,808,898,,1698174153898
0,810,977,822,910,,1698174153910
0,811,978,837,922,,1698174153922
0,812,979,849,935,,1698174153935
0,813,980,862,949,,1698174153949
0,814,981,874,962,,1698174153962
0,815,982,888,974,,1698174153974
0,816,983,901,986,,1698174153986
0,817,984,913,2,,1698174154002
0,818,985,926,16,,1698174154016
0,819,986,938,28,,1698174154028
0,820,987,952,40,,1698174154040
0,821,988,965,53,,1698174154053
0,822,989,977,65,,1698174154065
0,823,990,990,79,,1698174154079
0,824,991,5,92,,1698174154092
0,825,992,19,106,,1698174154106
0,826,993,31,132,,1698174154132
0,827,994,44,159,,1698174154159
0,828,995,56,175,,1698174154175
0,829,996,68,195,,1698174154195
0,830,997,82,196,,1698174154196
0,831,998,95,210,,1698174154210
0,832,999,124,297,,1698174154297
0,833,1000,144,314,,1698174154314
0,834,1001,162,338,,1698174154338
0,835,1002,187,339,,1698174154339
0,836,1003,199,375,,1698174154375
0,837,1004,267,376,,1698174154376
0,838,1005,301,390,,1698174154390
0,839,1006,316,392,,1698174154392
0,840,1007,331,416,,1698174154416
0,841,1008,342,434,,1698174154434
0,842,1009,353,436,,1698174154436
0,843,1010,366,460,,1698174154460
0,844,1011,380,472,,1698174154472
0,845,1012,394,474,,1698174154474
0,846,1013,407,498,,1698174154498
0,847,1014,420,511,,1698174154511
0,848,1015,438,524,,1698174154524
0,849,1016,451,536,,1698174154536
0,850,1017,463,549,,1698174154549
0,851,1018,476,563,,1698174154563
0,852,1019,488,576,,1698174154576
0,853,1020,502,589,,1698174154589
0,854,1021,514,605,,1698174154605
0,855,1022,527,618,,1698174154618
0,856,1023,540,633,,1698174154633
0,857,1024,552,646,,1698174154646
0,858,1025,567,647,,1698174154647
0,859,1026,580,678,,1698174154678
0,860,1027,596,691,,1698174154691
0,861,1028,609,704,,1698174154704
0,862,1029,621,706,,1698174154706
0,863,1030,637,739,,1698174154739
0,864,1031,649,740,,1698174154740
0,865,1032,670,742,,1698174154742
0,866,1033,681,766,,1698174154766
0,867,1034,695,783,,1698174154783
0,868,1035,708,795,,1698174154795
0,869,1036,719,796,,1698174154796
0,870,1037,732,829,,1698174154829
0,871,1038,744,830,,1698174154830
0,872,1039,757,845,,1698174154845
0,873,1040,772,859,,1698174154859
0,874,1041,786,871,,1698174154871
0,875,1042,798,873,,1698174154873
0,876,1043,809,885,,1698174154885
0,877,1044,821,909,,1698174154909
0,878,1045,833,921,,1698174154921
0,879,1046,848,937,,1698174154937
0,880,1047,863,949,,1698174154949
0,881,1048,876,962,,1698174154962
0,882,1049,888,976,,1698174154976
0,883,1050,899,988,,1698174154988
0,884,1051,912,1,,1698174155001
0,885,1052,924,13,,1698174155013
0,886,1053,940,26,,1698174155026
0,887,1054,952,40,,1698174155040
0,888,1055,965,53,,1698174155053
0,889,1056,979,65,,1698174155065
0,890,1057,991,80,,1698174155080
0,891,1058,4,82,,1698174155082
0,892,1059,16,106,,1698174155106
0,893,1060,29,132,,1698174155132
0,894,1061,43,157,,1698174155157
0,895,1062,56,175,,1698174155175
0,896,1063,69,192,,1698174155192
0,897,1064,84,193,,1698174155193
0,898,1065,96,207,,1698174155207
0,899,1066,110,219,,1698174155219
0,900,1067,145,300,,1698174155300
0,901,1068,161,337,,1698174155337
0,902,1069,183,352,,1698174155352
0,903,1070,196,353,,1698174155353
0,904,1071,210,371,,1698174155371
0,905,1072,276,383,,1698174155383
0,906,1073,302,395,,1698174155395
0,907,1074,321,407,,1698174155407
0,908,1075,341,442,,1698174155442
0,909,1076,358,443,,1698174155443
0,910,1077,374,457,,1698174155457
0,911,1078,386,470,,1698174155470
0,912,1079,399,483,,1698174155483
0,913,1080,409,497,,1698174155497
0,914,1081,420,499,,1698174155499
0,915,1082,433,526,,1698174155526
0,916,1083,446,539,,1698174155539
0,917,1084,460,551,,1698174155551
0,918,1085,473,552,,1698174155552
0,919,1086,487,587,,1698174155587
0,920,1087,506,588,,1698174155588
0,921,1088,518,602,,1698174155602
0,922,1089,530,615,,1698174155615
0,923,1090,543,628,,1698174155628
0,924,1091,554,642,,1698174155642
0,925,1092,565,644,,1698174155644
0,926,1093,579,667,,1698174155667
0,927,1094,592,682,,1698174155682
0,928,1095,605,695,,1698174155695
0,929,1096,619,709,,1698174155709
0,930,1097,632,721,,1698174155721
0,931,1098,646,722,,1698174155722
0,932,1099,659,755,,1698174155755
0,933,1100,670,756,,1698174155756
0,934,1101,685,771,,1698174155771
0,935,1102,698,784,,1698174155784
0,936,1103,713,797,,1698174155797
0,937,1104,725,810,,1698174155810
0,938,1105,736,811,,1698174155811
0,939,1106,747,835,,1698174155835
0,940,1107,760,850,,1698174155850
0,941,1108,774,863,,1698174155863
0,942,1109,787,876,,1698174155876
0,943,1110,801,887,,1698174155887
0,944,1111,813,889,,1698174155889
0,945,1112,825,923,,1698174155923
0,946,1113,841,925,,1698174155925
0,947,1114,853,938,,1698174155938
0,948,1115,866,939,,1698174155939
0,949,1116,879,973,,1698174155973
0,950,1117,891,975,,1698174155975
0,951,1118,903,976,,1698174155976
0,952,1119,915,12,,1698174156012
0,953,1120,929,14,,1698174156014
0,954,1121,941,28,,1698174156028
0,955,1122,953,29,,1698174156029
0,956,1123,966,63,,1698174156063
0,957,1124,978,64,,1698174156064
0,958,1125,993,65,,1698174156065
0,959,1126,4,90,,1698174156090
0,960,1127,17,103,,1698174156103
0,961,1128,32,116,,1698174156116
0,962,1129,43,117,,1698174156117
0,963,1130,55,183,,1698174156183
0,964,1131,68,185,,1698174156185
0,965,1132,81,202,,1698174156202
0,966,1133,93,203,,1698174156203
0,967,1134,107,217,,1698174156217
0,968,1135,134,232,,1698174156232
0,969,1136,156,308,,1698174156308
0,970,1137,172,344,,1698174156344
0,971,1138,193,358,,1698174156358
0,972,1139,206,360,,1698174156360
0,973,1140,220,375,,1698174156375
0,974,1141,299,412,,1698174156412
0,975,1142,311,413,,1698174156413
0,976,1143,332,415,,1698174156415
0,977,1144,348,439,,1698174156439
0,978,1145,365,454,,1698174156454
0,979,1146,377,466,,1698174156466
0,980,1147,392,467,,1698174156467
0,981,1148,405,500,,1698174156500
0,982,1149,417,502,,1698174156502
0,983,1150,431,517,,1698174156517
0,984,1151,443,530,,1698174156530
0,985,1152,458,543,,1698174156543
0,986,1153,470,559,,1698174156559
0,987,1154,481,561,,1698174156561
0,988,1155,492,585,,1698174156585
0,989,1156,505,598,,1698174156598
0,990,1157,520,611,,1698174156611
0,991,1158,533,624,,1698174156624
0,992,1159,547,636,,1698174156636
0,993,1160,563,650,,1698174156650
0,994,1161,575,663,,1698174156663
0,995,1162,588,676,,1698174156676
0,996,1163,601,689,,1698174156689
0,997,1164,614,702,,1698174156702
0,998,1165,627,717,,1698174156717
0,999,1166,639,733,,1698174156733
0,1000,1167,653,746,,1698174156746
0,1001,1168,666,759,,1698174156759
0,1002,1169,679,772,,1698174156772
0,1003,1170,692,773,,1698174156773
0,1004,1171,705,809,,1698174156809
0,1005,1172,720,811,,1698174156811
0,1006,1173,736,824,,1698174156824
0,1007,1174,750,826,,1698174156826
0,1008,1175,763,863,,1698174156863
0,1009,1176,775,864,,1698174156864
0,1010,1177,789,865,,1698174156865
0,1011,1178,801,890,,1698174156890
0,1012,1179,815,906,,1698174156906
0,1013,1180,828,920,,1698174156920
0,1014,1181,840,922,,1698174156922
0,1015,1182,855,956,,1698174156956
0,1016,1183,868,957,,1698174156957
0,1017,1184,881,958,,1698174156958
0,1018,1185,894,971,,1698174156971
0,1019,1186,910,5,,1698174157005
0,1020,1187,924,7,,1698174157007
0,1021,1188,935,21,,1698174157021
0,1022,1189,948,34,,1698174157034
0,1023,1190,961,49,,1698174157049
0,1024,1191,974,50,,1698174157050
0,1025,1192,984,82,,1698174157082
0,1026,1193,995,103,,1698174157103
0,1027,1194,10,127,,1698174157127
0,1028,1195,24,155,,1698174157155
0,1029,1196,37,181,,1698174157181
0,1030,1197,52,183,,1698174157183
0,1031,1198,65,199,,1698174157199
0,1032,1199,85,216,,1698174157216
0,1033,1200,106,229,,1698174157229
0,1034,1201,130,241,,1698174157241
0,1035,1202,169,330,,1698174157330
0,1036,1203,185,369,,1698174157369
0,1037,1204,205,371,,1698174157371
0,1038,1205,219,372,,1698174157372
0,1039,1206,232,399,,1698174157399
0,1040,1207,298,413,,1698174157413
0,1041,1208,332,425,,1698174157425
0,1042,1209,344,426,,1698174157426
0,1043,1210,361,460,,1698174157460
0,1044,1211,376,461,,1698174157461
0,1045,1212,390,476,,1698174157476
0,1046,1213,402,490,,1698174157490
0,1047,1214,417,520,,1698174157520
0,1048,1215,429,542,,1698174157542
0,1049,1216,440,543,,1698174157543
0,1050,1217,452,592,,1698174157592
0,1051,1218,464,593,,1698174157593
0,1052,1219,480,642,,1698174157642
0,1053,1220,493,644,,1698174157644
0,1054,1221,524,666,,1698174157666
0,1055,1222,546,696,,1698174157696
0,1056,1223,572,723,,1698174157723
0,1057,1224,596,742,,1698174157742
0,1058,1225,623,763,,1698174157763
0,1059,1226,647,784,,1698174157784
0,1060,1227,674,842,,1698174157842
0,1061,1228,700,843,,1698174157843
0,1062,1229,727,864,,1698174157864
0,1063,1230,745,893,,1698174157893
0,1064,1231,766,913,,1698174157913
0,1065,1232,786,934,,1698174157934
0,1066,1233,822,962,,1698174157962
0,1067,1234,846,983,,1698174157983
0,1068,1235,867,4,,1698174158004
0,1069,1236,896,30,,1698174158030
0,1070,1237,916,53,,1698174158053
0,1071,1238,937,74,,1698174158074
0,1072,1239,965,103,,1698174158103
0,1073,1240,986,140,,1698174158140
0,1074,1241,7,182,,1698174158182
0,1075,1242,33,227,,1698174158227
0,1076,1243,56,263,,1698174158263
0,1077,1244,77,392,,1698174158392
0,1078,1245,106,425,,1698174158425
0,1079,1246,143,457,,1698174158457
0,1080,1247,202,485,,1698174158485
0,1081,1248,238,510,,1698174158510
0,1082,1249,273,533,,1698174158533
0,1083,1250,396,562,,1698174158562
0,1084,1251,428,593,,1698174158593
0,1085,1252,460,612,,1698174158612
0,1086,1253,490,633,,1698174158633
0,1087,1254,513,653,,1698174158653
0,1088,1255,536,721,,1698174158721
0,1089,1256,565,722,,1698174158722
0,1090,1257,597,723,,1698174158723
0,1091,1258,615,760,,1698174158760
0,1092,1259,637,780,,1698174158780
0,1093,1260,656,803,,1698174158803
0,1094,1261,675,822,,1698174158822
0,1095,1262,696,892,,1698174158892
0,1096,1263,727,893,,1698174158893
0,1097,1264,763,920,,1698174158920
0,1098,1265,783,921,,1698174158921
0,1099,1266,806,945,,1698174158945
0,1100,1267,825,973,,1698174158973
0,1101,1268,843,994,,1698174158994
0,1102,1269,867,23,,1698174159023
0,1103,1270,897,42,,1698174159042
0,1104,1271,924,63,,1698174159063
0,1105,1272,948,84,,1698174159084
0,1106,1273,976,139,,1698174159139
0,1107,1274,997,141,,1698174159141
0,1108,1275,26,167,,1698174159167
0,1109,1276,45,192,,1698174159192
0,1110,1277,66,209,,1698174159209
0,1111,1278,86,224,,1698174159224
0,1112,1279,110,237,,1698174159237
0,1113,1280,144,248,,1698174159248
0,1114,1281,180,260,,1698174159260
0,1115,1282,195,372,,1698174159372
0,1116,1283,215,374,,1698174159374
0,1117,1284,227,388,,1698174159388
0,1118,1285,240,390,,1698174159390
0,1119,1286,252,411,,1698174159411
0,1120,1287,316,434,,1698174159434
0,1121,1288,337,435,,1698174159435
0,1122,1289,360,447,,1698174159447
0,1123,1290,377,480,,1698174159480
0,1124,1291,401,481,,1698174159481
0,1125,1292,413,483,,1698174159483
0,1126,1293,426,512,,1698174159512
0,1127,1294,438,513,,1698174159513
0,1128,1295,449,515,,1698174159515
0,1129,1296,460,537,,1698174159537
0,1130,1297,472,549,,1698174159549
0,1131,1298,494,577,,1698174159577
0,1132,1299,506,589,,1698174159589
0,1133,1300,517,600,,1698174159600
0,1134,1301,529,602,,1698174159602
0,1135,1302,541,636,,1698174159636
0,1136,1303,551,637,,1698174159637
0,1137,1304,568,649,,1698174159649
0,1138,1305,580,662,,1698174159662
0,1139,1306,593,674,,1698174159674
0,1140,1307,604,688,,1698174159688
0,1141,1308,614,701,,1698174159701
0,1142,1309,628,713,,1698174159713
0,1143,1310,641,725,,1698174159725
0,1144,1311,653,740,,1698174159740
0,1145,1312,665,754,,1698174159754
0,1146,1313,677,767,,1698174159767
0,1147,1314,691,779,,1698174159779
0,1148,1315,704,780,,1698174159780
0,1149,1316,716,803,,1698174159803
0,1150,1317,731,816,,1698174159816
0,1151,1318,743,829,,1698174159829
0,1152,1319,757,841,,1698174159841
0,1153,1320,770,852,,1698174159852
0,1154,1321,783,854,,1698174159854
0,1155,1322,794,888,,1698174159888
0,1156,1323,806,892,,1698174159892
0,1157,1324,819,905,,1698174159905
0,1158,1325,832,917,,1698174159917
0,1159,1326,845,930,,1698174159930
0,1160,1327,856,943,,1698174159943
0,1161,1328,866,944,,1698174159944
0,1162,1329,880,977,,1698174159977
0,1163,1330,896,978,,1698174159978
0,1164,1331,908,980,,1698174159980
0,1165,1332,921,3,,1698174160003
0,1166,1333,933,16,,1698174160016
0,1167,1334,946,31,,1698174160031
0,1168,1335,957,32,,1698174160032
0,1169,1336,970,65,,1698174160065
0,1170,1337,982,66,,1698174160066
0,1171,1338,994,68,,1698174160068
0,1172,1339,6,81,,1698174160081
0,1173,1340,21,112,,1698174160112
0,1174,1341,34,113,,1698174160113
0,1175,1342,45,114,,1698174160114
0,1176,1343,58,172,,1698174160172
0,1177,1344,71,173,,1698174160173
0,1178,1345,84,189,,1698174160189
0,1179,1346,94,190,,1698174160190
0,1180,1347,106,208,,1698174160208
0,1181,1348,126,239,,1698174160239
0,1182,1349,158,240,,1698174160240
0,1183,1350,177,338,,1698174160338
0,1184,1351,197,340,,1698174160340
0,1185,1352,210,365,,1698174160365
0,1186,1353,220,366,,1698174160366
0,1187,1354,232,405,,1698174160405
0,1188,1355,242,406,,1698174160406
0,1189,1356,253,408,,1698174160408
0,1190,1357,329,421,,1698174160421
0,1191,1358,344,447,,1698174160447
0,1192,1359,368,460,,1698174160460
0,1193,1360,382,474,,1698174160474
0,1194,1361,395,487,,1698174160487
0,1195,1362,411,489,,1698174160489
0,1196,1363,423,511,,1698174160511
0,1197,1364,435,523,,1698174160523
0,1198,1365,451,537,,1698174160537
0,1199,1366,463,550,,1698174160550
0,1200,1367,479,563,,1698174160563
0,1201,1368,491,575,,1698174160575
0,1202,1369,503,577,,1698174160577
0,1203,1370,514,601,,1698174160601
0,1204,1371,527,617,,1698174160617
0,1205,1372,541,629,,1698174160629
0,1206,1373,553,642,,1698174160642
0,1207,1374,567,653,,1698174160653
0,1208,1375,579,655,,1698174160655
0,1209,1376,591,689,,1698174160689
0,1210,1377,604,691,,1698174160691
0,1211,1378,620,703,,1698174160703
0,1212,1379,633,704,,1698174160704
0,1213,1380,646,739,,1698174160739
0,1214,1381,657,740,,1698174160740
0,1215,1382,669,742,,1698174160742
0,1216,1383,681,766,,1698174160766
0,1217,1384,694,780,,1698174160780
0,1218,1385,706,782,,1698174160782
0,1219,1386,717,793,,1698174160793
0,1220,1387,729,826,,1698174160826
0,1221,1388,744,828,,1698174160828
0,1222,1389,757,841,,1698174160841
0,1223,1390,772,853,,1698174160853
0,1224,1391,785,867,,1698174160867
0,1225,1392,796,879,,1698174160879
0,1226,1393,807,880,,1698174160880
0,1227,1394,818,912,,1698174160912
0,1228,1395,831,914,,1698174160914
0,1229,1396,844,929,,1698174160929
0,1230,1397,857,944,,1698174160944
0,1231,1398,871,956,,1698174160956
0,1232,1399,882,969,,1698174160969
0,1233,1400,893,970,,1698174160970
0,1234,1401,904,983,,1698174160983
0,1235,1402,917,6,,1698174161006
0,1236,1403,932,18,,1698174161018
0,1237,1404,947,31,,1698174161031
0,1238,1405,960,43,,1698174161043
0,1239,1406,974,55,,1698174161055
0,1240,1407,985,69,,1698174161069
0,1241,1408,996,81,,1698174161081
0,1242,1409,9,96,,1698174161096
0,1243,1410,21,108,,1698174161108
0,1244,1411,34,120,,1698174161120
0,1245,1412,46,134,,1698174161134
0,1246,1413,58,136,,1698174161136
0,1247,1414,72,199,,1698174161199
0,1248,1415,87,200,,1698174161200
0,1249,1416,99,202,,1698174161202
0,1250,1417,112,220,,1698174161220
0,1251,1418,124,233,,1698174161233
0,1252,1419,153,244,,1698174161244
0,1253,1420,172,255,,1698174161255
0,1254,1421,188,368,,1698174161368
0,1255,1422,210,369,,1698174161369
0,1256,1423,223,387,,1698174161387
0,1257,1424,236,388,,1698174161388
0,1258,1425,247,403,,1698174161403
0,1259,1426,258,419,,1698174161419
0,1260,1427,325,431,,1698174161431
0,1261,1428,353,443,,1698174161443
0,1262,1429,373,454,,1698174161454
0,1263,1430,391,488,,1698174161488
0,1264,1431,408,490,,1698174161490
0,1265,1432,422,507,,1698174161507
0,1266,1433,434,521,,1698174161521
0,1267,1434,446,533,,1698174161533
0,1268,1435,457,535,,1698174161535
0,1269,1436,467,547,,1698174161547
0,1270,1437,478,570,,1698174161570
0,1271,1438,493,583,,1698174161583
0,1272,1439,511,596,,1698174161596
0,1273,1440,525,608,,1698174161608
0,1274,1441,538,622,,1698174161622
0,1275,1442,549,623,,1698174161623
0,1276,1443,562,657,,1698174161657
0,1277,1444,574,658,,1698174161658
0,1278,1445,586,660,,1698174161660
0,1279,1446,599,721,,1698174161721
0,1280,1447,612,741,,1698174161741
0,1281,1448,625,760,,1698174161760
0,1282,1449,636,761,,1698174161761
0,1283,1450,649,822,,1698174161822
0,1284,1451,662,824,,1698174161824
0,1285,1452,701,825,,1698174161825
0,1286,1453,724,854,,1698174161854
0,1287,1454,745,883,,1698174161883
0,1288,1455,763,902,,1698174161902
0,1289,1456,783,923,,1698174161923
0,1290,1457,806,943,,1698174161943
0,1291,1458,828,992,,1698174161992
0,1292,1459,857,993,,1698174161993
0,1293,1460,886,15,,1698174162015
0,1294,1461,905,42,,1698174162042
0,1295,1462,926,63,,1698174162063
0,1296,1463,945,83,,1698174162083
0,1297,1464,967,104,,1698174162104
0,1298,1465,996,132,,1698174162132
0,1299,1466,18,153,,1698174162153
0,1300,1467,45,191,,1698174162191
0,1301,1468,66,215,,1698174162215
0,1302,1469,86,231,,1698174162231
0,1303,1470,107,249,,1698174162249
0,1304,1471,135,263,,1698174162263
0,1305,1472,182,275,,1698174162275
0,1306,1473,204,354,,1698174162354
0,1307,1474,219,388,,1698174162388
0,1308,1475,237,401,,1698174162401
0,1309,1476,252,403,,1698174162403
0,1310,1477,266,417,,1698174162417
0,1311,1478,332,449,,1698174162449
0,1312,1479,356,450,,1698174162450
0,1313,1480,375,452,,1698174162452
0,1314,1481,392,486,,1698174162486
0,1315,1482,407,487,,1698174162487
0,1316,1483,420,506,,1698174162506
0,1317,1484,430,508,,1698174162508
0,1318,1485,442,541,,1698174162541
0,1319,1486,454,542,,1698174162542
0,1320,1487,466,543,,1698174162543
0,1321,1488,478,567,,1698174162567
0,1322,1489,498,579,,1698174162579
0,1323,1490,510,593,,1698174162593
0,1324,1491,521,605,,1698174162605
0,1325,1492,533,618,,1698174162618
0,1326,1493,546,633,,1698174162633
0,1327,1494,558,645,,1698174162645
0,1328,1495,570,659,,1698174162659
0,1329,1496,582,672,,1698174162672
0,1330,1497,596,684,,1698174162684
0,1331,1498,609,696,,1698174162696
0,1332,1499,621,708,,1698174162708
0,1333,1500,636,722,,1698174162722
0,1334,1501,649,734,,1698174162734
0,1335,1502,662,746,,1698174162746
0,1336,1503,675,758,,1698174162758
0,1337,1504,687,771,,1698174162771
0,1338,1505,699,784,,1698174162784
0,1339,1506,711,799,,1698174162799
0,1340,1507,725,811,,1698174162811
0,1341,1508,737,823,,1698174162823
0,1342,1509,749,835,,1698174162835
0,1343,1510,762,836,,1698174162836
0,1344,1511,774,870,,1698174162870
0,1345,1512,787,871,,1698174162871
0,1346,1513,802,883,,1698174162883
0,1347,1514,814,885,,1698174162885
0,1348,1515,827,918,,1698174162918
0,1349,1516,839,920,,1698174162920
0,1350,1517,850,933,,1698174162933
0,1351,1518,862,946,,1698174162946
0,1352,1519,875,961,,1698174162961
0,1353,1520,887,962,,1698174162962
0,1354,1521,897,986,,1698174162986
0,1355,1522,909,998,,1698174162998
0,1356,1523,923,0,,1698174163000
0,1357,1524,936,21,,1698174163021
0,1358,1525,950,34,,1698174163034
0,1359,1526,964,48,,1698174163048
0,1360,1527,976,60,,1698174163060
0,1361,1528,990,73,,1698174163073
0,1362,1529,2,74,,1698174163074
0,1363,1530,13,86,,1698174163086
0,1364,1531,25,109,,1698174163109
0,1365,1532,37,123,,1698174163123
0,1366,1533,51,136,,1698174163136
0,1367,1534,64,149,,1698174163149
0,1368,1535,77,175,,1698174163175
0,1369,1536,88,176,,1698174163176
0,1370,1537,99,228,,1698174163228
0,1371,1538,112,230,,1698174163230
0,1372,1539,126,231,,1698174163231
0,1373,1540,139,246,,1698174163246
0,1374,1541,167,259,,1698174163259
0,1375,1542,188,271,,1698174163271
0,1376,1543,202,282,,1698174163282
0,1377,1544,220,397,,1698174163397
0,1378,1545,234,398,,1698174163398
0,1379,1546,250,412,,1698174163412
0,1380,1547,262,414,,1698174163414
0,1381,1548,274,441,,1698174163441
0,1382,1549,338,454,,1698174163454
0,1383,1550,371,455,,1698174163455
0,1384,1551,385,467,,1698174163467
0,1385,1552,402,489,,1698174163489
0,1386,1553,418,503,,1698174163503
0,1387,1554,430,520,,1698174163520
0,1388,1555,445,532,,1698174163532
0,1389,1556,458,543,,1698174163543
0,1390,1557,470,545,,1698174163545
0,1391,1558,481,579,,1698174163579
0,1392,1559,493,580,,1698174163580
0,1393,1560,506,593,,1698174163593
0,1394,1561,523,606,,1698174163606
0,1395,1562,536,618,,1698174163618
0,1396,1563,547,631,,1698174163631
0,1397,1564,557,633,,1698174163633
0,1398,1565,571,665,,1698174163665
0,1399,1566,583,667,,1698174163667
0,1400,1567,596,668,,1698174163668
0,1401,1568,609,694,,1698174163694
0,1402,1569,622,708,,1698174163708
0,1403,1570,635,719,,1698174163719
0,1404,1571,646,721,,1698174163721
0,1405,1572,658,753,,1698174163753
0,1406,1573,670,754,,1698174163754
0,1407,1574,686,767,,1698174163767
0,1408,1575,697,781,,1698174163781
0,1409,1576,712,794,,1698174163794
0,1410,1577,723,806,,1698174163806
0,1411,1578,733,807,,1698174163807
0,1412,1579,745,819,,1698174163819
0,1413,1580,757,854,,1698174163854
0,1414,1581,770,856,,1698174163856
0,1415,1582,784,869,,1698174163869
0,1416,1583,798,881,,1698174163881
0,1417,1584,810,893,,1698174163893
0,1418,1585,821,906,,1698174163906
0,1419,1586,831,907,,1698174163907
0,1420,1587,846,940,,1698174163940
0,1421,1588,859,942,,1698174163942
0,1422,1589,872,943,,1698174163943
0,1423,1590,884,966,,1698174163966
0,1424,1591,897,978,,1698174163978
0,1425,1592,910,991,,1698174163991
0,1426,1593,920,992,,1698174163992
0,1427,1594,933,27,,1698174164027
0,1428,1595,945,29,,1698174164029
0,1429,1596,957,30,,1698174164030
0,1430,1597,969,53,,1698174164053
0,1431,1598,982,65,,1698174164065
0,1432,1599,994,78,,1698174164078
0,1433,1600,8,79,,1698174164079
0,1434,1601,20,113,,1698174164113
0,1435,1602,32,114,,1698174164114
0,1436,1603,44,116,,1698174164116
0,1437,1604,56,140,,1698174164140
0,1438,1605,69,154,,1698174164154
0,1439,1606,82,155,,1698174164155
0,1440,1607,92,184,,1698174164184
0,1441,1608,105,239,,1698174164239
0,1442,1609,118,240,,1698174164240
0,1443,1610,131,241,,1698174164241
0,1444,1611,143,257,,1698174164257
0,1445,1612,173,272,,1698174164272
0,1446,1613,197,288,,1698174164288
0,1447,1614,211,372,,1698174164372
0,1448,1615,230,406,,1698174164406
0,1449,1616,244,407,,1698174164407
0,1450,1617,261,425,,1698174164425
0,1451,1618,276,439,,1698174164439
0,1452,1619,291,471,,1698174164471
0,1453,1620,375,472,,1698174164472
0,1454,1621,394,473,,1698174164473
0,1455,1622,411,507,,1698174164507
0,1456,1623,430,509,,1698174164509
0,1457,1624,441,522,,1698174164522
0,1458,1625,452,524,,1698174164524
0,1459,1626,464,557,,1698174164557
0,1460,1627,476,559,,1698174164559
0,1461,1628,487,560,,1698174164560
0,1462,1629,499,584,,1698174164584
0,1463,1630,513,601,,1698174164601
0,1464,1631,526,613,,1698174164613
0,1465,1632,537,615,,1698174164615
0,1466,1633,550,647,,1698174164647
0,1467,1634,562,648,,1698174164648
0,1468,1635,575,661,,1698174164661
0,1469,1636,592,675,,1698174164675
0,1470,1637,605,688,,1698174164688
0,1471,1638,617,701,,1698174164701
0,1472,1639,627,703,,1698174164703
0,1473,1640,639,715,,1698174164715
0,1474,1641,651,738,,1698174164738
0,1475,1642,664,753,,1698174164753
0,1476,1643,679,765,,1698174164765
0,1477,1644,692,777,,1698174164777
0,1478,1645,706,789,,1698174164789
0,1479,1646,717,803,,1698174164803
0,1480,1647,728,815,,1698174164815
0,1481,1648,741,827,,1698174164827
0,1482,1649,756,853,,1698174164853
0,1483,1650,768,880,,1698174164880
0,1484,1651,780,902,,1698174164902
0,1485,1652,792,922,,1698174164922
0,1486,1653,806,923,,1698174164923
0,1487,1654,818,943,,1698174164943
0,1488,1655,831,994,,1698174164994
0,1489,1656,856,23,,1698174165023
0,1490,1657,883,24,,1698174165024
0,1491,1658,906,43,,1698174165043
0,1492,1659,926,65,,1698174165065
0,1493,1660,946,77,,1698174165077
0,1494,1661,972,88,,1698174165088
0,1495,1662,998,99,,1698174165099
0,1496,1663,27,131,,1698174165131
0,1497,1664,47,133,,1698174165133
0,1498,1665,68,145,,1698174165145
0,1499,1666,80,158,,1698174165158
0,1500,1667,92,185,,1698174165185
0,1501,1668,101,213,,1698174165213
0,1502,1669,112,229,,1698174165229
0,1503,1670,124,247,,1698174165247
0,1504,1671,136,248,,1698174165248
0,1505,1672,149,261,,1698174165261
0,1506,1673,176,273,,1698174165273
0,1507,1674,201,285,,1698174165285
0,1508,1675,216,372,,1698174165372
0,1509,1676,236,395,,1698174165395
0,1510,1677,251,412,,1698174165412
0,1511,1678,264,430,,1698174165430
0,1512,1679,276,431,,1698174165431
0,1513,1680,287,447,,1698174165447
0,1514,1681,353,473,,1698174165473
0,1515,1682,376,485,,1698174165485
0,1516,1683,399,486,,1698174165486
0,1517,1684,416,510,,1698174165510
0,1518,1685,436,522,,1698174165522
0,1519,1686,449,535,,1698174165535
0,1520,1687,464,547,,1698174165547
0,1521,1688,476,559,,1698174165559
0,1522,1689,488,573,,1698174165573
0,1523,1690,500,586,,1698174165586
0,1524,1691,513,602,,1698174165602
0,1525,1692,525,614,,1698174165614
0,1526,1693,538,626,,1698174165626
0,1527,1694,550,640,,1698174165640
0,1528,1695,563,641,,1698174165641
0,1529,1696,577,674,,1698174165674
0,1530,1697,589,676,,1698174165676
0,1531,1698,605,677,,1698174165677
0,1532,1699,617,701,,1698174165701
0,1533,1700,630,714,,1698174165714
0,1534,1701,643,725,,1698174165725
0,1535,1702,655,727,,1698174165727
0,1536,1703,667,762,,1698174165762
0,1537,1704,679,763,,1698174165763
0,1538,1705,692,777,,1698174165777
0,1539,1706,704,790,,1698174165790
0,1540,1707,718,803,,1698174165803
0,1541,1708,729,804,,1698174165804
0,1542,1709,739,816,,1698174165816
0,1543,1710,751,839,,1698174165839
0,1544,1711,766,851,,1698174165851
0,1545,1712,781,863,,1698174165863
0,1546,1713,794,875,,1698174165875
0,1547,1714,807,888,,1698174165888
0,1548,1715,818,901,,1698174165901
0,1549,1716,829,913,,1698174165913
0,1550,1717,842,928,,1698174165928
0,1551,1718,854,941,,1698174165941
0,1552,1719,866,953,,1698174165953
0,1553,1720,879,966,,1698174165966
0,1554,1721,891,967,,1698174165967
0,1555,1722,904,0,,1698174166000
0,1556,1723,919,1,,1698174166001
0,1557,1724,931,2,,1698174166002
0,1558,1725,944,33,,1698174166033
0,1559,1726,956,46,,1698174166046
0,1560,1727,969,58,,1698174166058
0,1561,1728,980,59,,1698174166059
0,1562,1729,992,93,,1698174166093
0,1563,1730,4,95,,1698174166095
0,1564,1731,24,109,,1698174166109
0,1565,1732,36,122,,1698174166122
0,1566,1733,50,134,,1698174166134
0,1567,1734,61,136,,1698174166136
0,1568,1735,72,148,,1698174166148
0,1569,1736,83,184,,1698174166184
0,1570,1737,98,209,,1698174166209
0,1571,1738,113,225,,1698174166225
0,1572,1739,126,243,,1698174166243
0,1573,1740,139,244,,1698174166244
0,1574,1741,150,260,,1698174166260
0,1575,1742,176,272,,1698174166272
0,1576,1743,197,283,,1698174166283
0,1577,1744,213,307,,1698174166307
0,1578,1745,232,390,,1698174166390
0,1579,1746,247,407,,1698174166407
0,1580,1747,263,424,,1698174166424
0,1581,1748,275,437,,1698174166437
0,1582,1749,286,439,,1698174166439
0,1583,1750,297,455,,1698174166455
0,1584,1751,364,477,,1698174166477
0,1585,1752,394,489,,1698174166489
0,1586,1753,410,490,,1698174166490
0,1587,1754,428,530,,1698174166530
0,1588,1755,444,531,,1698174166531
0,1589,1756,457,533,,1698174166533
0,1590,1757,469,546,,1698174166546
0,1591,1758,481,568,,1698174166568
0,1592,1759,492,581,,1698174166581
0,1593,1760,507,582,,1698174166582
0,1594,1761,522,615,,1698174166615
0,1595,1762,536,617,,1698174166617
0,1596,1763,548,618,,1698174166618
0,1597,1764,560,642,,1698174166642
0,1598,1765,572,655,,1698174166655
0,1599,1766,584,671,,1698174166671
0,1600,1767,595,672,,1698174166672
0,1601,1768,608,702,,1698174166702
0,1602,1769,621,703,,1698174166703
0,1603,1770,633,705,,1698174166705
0,1604,1771,645,727,,1698174166727
0,1605,1772,664,738,,1698174166738
0,1606,1773,674,749,,1698174166749
0,1607,1774,695,780,,1698174166780
0,1608,1775,707,782,,1698174166782
0,1609,1776,717,795,,1698174166795
0,1610,1777,730,808,,1698174166808
0,1611,1778,742,820,,1698174166820
0,1612,1779,751,824,,1698174166824
0,1613,1780,761,837,,1698174166837
0,1614,1781,772,860,,1698174166860
0,1615,1782,785,872,,1698174166872
0,1616,1783,798,873,,1698174166873
0,1617,1784,812,905,,1698174166905
0,1618,1785,828,906,,1698174166906
0,1619,1786,839,919,,1698174166919
0,1620,1787,850,933,,1698174166933
0,1621,1788,864,946,,1698174166946
0,1622,1789,875,958,,1698174166958
0,1623,1790,885,959,,1698174166959
0,1624,1791,897,971,,1698174166971
0,1625,1792,909,997,,1698174166997
0,1626,1793,922,10,,1698174167010
0,1627,1794,936,22,,1698174167022
0,1628,1795,950,33,,1698174167033
0,1629,1796,962,34,,1698174167034
0,1630,1797,974,68,,1698174167068
0,1631,1798,987,69,,1698174167069
0,1632,1799,0,82,,1698174167082
0,1633,1800,13,94,,1698174167094
0,1634,1801,26,106,,1698174167106
0,1635,1802,37,120,,1698174167120
0,1636,1803,47,121,,1698174167121
0,1637,1804,60,146,,1698174167146
0,1638,1805,72,158,,1698174167158
0,1639,1806,85,171,,1698174167171
0,1640,1807,97,198,,1698174167198
0,1641,1808,110,223,,1698174167223
0,1642,1809,124,239,,1698174167239
0,1643,1810,138,257,,1698174167257
0,1644,1811,149,258,,1698174167258
0,1645,1812,161,271,,1698174167271
0,1646,1813,189,283,,1698174167283
0,1647,1814,211,294,,1698174167294
0,1648,1815,226,384,,1698174167384
0,1649,1816,246,407,,1698174167407
0,1650,1817,261,424,,1698174167424
0,1651,1818,274,437,,1698174167437
0,1652,1819,286,439,,1698174167439
0,1653,1820,297,454,,1698174167454
0,1654,1821,311,477,,1698174167477
0,1655,1822,388,489,,1698174167489
0,1656,1823,410,490,,1698174167490
0,1657,1824,428,525,,1698174167525
0,1658,1825,444,526,,1698174167526
0,1659,1826,457,527,,1698174167527
0,1660,1827,469,556,,1698174167556
0,1661,1828,481,569,,1698174167569
0,1662,1829,492,571,,1698174167571
0,1663,1830,503,583,,1698174167583
0,1664,1831,516,596,,1698174167596
0,1665,1832,530,618,,1698174167618
0,1666,1833,543,631,,1698174167631
0,1667,1834,560,643,,1698174167643
0,1668,1835,574,655,,1698174167655
0,1669,1836,586,669,,1698174167669
0,1670,1837,599,682,,1698174167682
0,1671,1838,610,694,,1698174167694
0,1672,1839,621,707,,1698174167707
0,1673,1840,634,722,,1698174167722
0,1674,1841,646,736,,1698174167736
0,1675,1842,659,749,,1698174167749
0,1676,1843,673,761,,1698174167761
0,1677,1844,685,762,,1698174167762
0,1678,1845,697,784,,1698174167784
0,1679,1846,710,798,,1698174167798
0,1680,1847,725,810,,1698174167810
0,1681,1848,740,822,,1698174167822
0,1682,1849,753,834,,1698174167834
0,1683,1850,765,835,,1698174167835
0,1684,1851,776,869,,1698174167869
0,1685,1852,787,870,,1698174167870
0,1686,1853,801,885,,1698174167885
0,1687,1854,813,898,,1698174167898
0,1688,1855,826,910,,1698174167910
0,1689,1856,838,924,,1698174167924
0,1690,1857,848,925,,1698174167925
0,1691,1858,861,947,,1698174167947
0,1692,1859,873,960,,1698174167960
0,1693,1860,889,972,,1698174167972
0,1694,1861,901,984,,1698174167984
0,1695,1862,914,997,,1698174167997
0,1696,1863,928,10,,1698174168010
0,1697,1864,939,22,,1698174168022
0,1698,1865,951,36,,1698174168036
0,1699,1866,963,49,,1698174168049
0,1700,1867,975,62,,1698174168062
0,1701,1868,987,74,,1698174168074
0,1702,1869,1,87,,1698174168087
0,1703,1870,13,99,,1698174168099
0,1704,1871,25,111,,1698174168111
0,1705,1872,40,124,,1698174168124
0,1706,1873,52,137,,1698174168137
0,1707,1874,65,149,,1698174168149
0,1708,1875,78,161,,1698174168161
0,1709,1876,90,174,,1698174168174
0,1710,1877,102,201,,1698174168201
0,1711,1878,114,228,,1698174168228
0,1712,1879,128,244,,1698174168244
0,1713,1880,140,262,,1698174168262
0,1714,1881,152,263,,1698174168263
0,1715,1882,164,276,,1698174168276
0,1716,1883,192,288,,1698174168288
0,1717,1884,216,300,,1698174168300
0,1718,1885,232,387,,1698174168387
0,1719,1886,251,410,,1698174168410
0,1720,1887,266,426,,1698174168426
0,1721,1888,279,440,,1698174168440
0,1722,1889,291,441,,1698174168441
0,1723,1890,302,461,,1698174168461
0,1724,1891,368,484,,1698174168484
0,1725,1892,391,495,,1698174168495
0,1726,1893,413,497,,1698174168497
0,1727,1894,430,532,,1698174168532
0,1728,1895,452,533,,1698174168533
0,1729,1896,464,535,,1698174168535
0,1730,1897,475,559,,1698174168559
0,1731,1898,488,571,,1698174168571
0,1732,1899,499,573,,1698174168573
0,1733,1900,510,584,,1698174168584
0,1734,1901,523,622,,1698174168622
0,1735,1902,537,623,,1698174168623
0,1736,1903,550,636,,1698174168636
0,1737,1904,563,649,,1698174168649
0,1738,1905,576,662,,1698174168662
0,1739,1906,586,663,,1698174168663
0,1740,1907,596,677,,1698174168677
0,1741,1908,613,699,,1698174168699
0,1742,1909,626,711,,1698174168711
0,1743,1910,639,712,,1698174168712
0,1744,1911,653,746,,1698174168746
0,1745,1912,666,748,,1698174168748
0,1746,1913,679,749,,1698174168749
0,1747,1914,691,773,,1698174168773
0,1748,1915,703,787,,1698174168787
0,1749,1916,714,789,,1698174168789
0,1750,1917,725,800,,1698174168800
0,1751,1918,737,828,,1698174168828
0,1752,1919,751,829,,1698174168829
0,1753,1920,764,842,,1698174168842
0,1754,1921,780,853,,1698174168853
0,1755,1922,792,855,,1698174168855
0,1756,1923,809,887,,1698174168887
0,1757,1924,822,899,,1698174168899
0,1758,1925,832,911,,1698174168911
0,1759,1926,846,925,,1698174168925
0,1760,1927,857,927,,1698174168927
0,1761,1928,867,960,,1698174168960
0,1762,1929,877,961,,1698174168961
0,1763,1930,890,962,,1698174168962
0,1764,1931,902,994,,1698174168994
0,1765,1932,915,995,,1698174168995
0,1766,1933,929,9,,1698174169009
0,1767,1934,939,10,,1698174169010
0,1768,1935,953,43,,1698174169043
0,1769,1936,964,44,,1698174169044
0,1770,1937,975,45,,1698174169045
0,1771,1938,986,69,,1698174169069
0,1772,1939,999,81,,1698174169081
0,1773,1940,12,97,,1698174169097
0,1774,1941,23,110,,1698174169110
0,1775,1942,35,121,,1698174169121
0,1776,1943,47,132,,1698174169132
0,1777,1944,60,134,,1698174169134
0,1778,1945,72,152,,1698174169152
0,1779,1946,86,168,,1698174169168
0,1780,1947,100,182,,1698174169182
0,1781,1948,113,207,,1698174169207
0,1782,1949,125,234,,1698174169234
0,1783,1950,136,235,,1698174169235
0,1784,1951,146,268,,1698174169268
0,1785,1952,157,269,,1698174169269
0,1786,1953,171,282,,1698174169282
0,1787,1954,200,295,,1698174169295
0,1788,1955,221,308,,1698174169308
0,1789,1956,237,395,,1698174169395
0,1790,1957,261,418,,1698174169418
0,1791,1958,272,435,,1698174169435
0,1792,1959,285,449,,1698174169449
0,1793,1960,298,450,,1698174169450
0,1794,1961,310,466,,1698174169466
0,1795,1962,376,488,,1698174169488
0,1796,1963,409,504,,1698174169504
0,1797,1964,421,505,,1698174169505
0,1798,1965,439,540,,1698174169540
0,1799,1966,455,542,,1698174169542
0,1800,1967,468,543,,1698174169543
0,1801,1968,480,566,,1698174169566
0,1802,1969,492,579,,1698174169579
0,1803,1970,508,592,,1698174169592
0,1804,1971,519,594,,1698174169594
0,1805,1972,533,627,,1698174169627
0,1806,1973,545,628,,1698174169628
0,1807,1974,558,630,,1698174169630
0,1808,1975,570,653,,1698174169653
0,1809,1976,583,671,,1698174169671
0,1810,1977,596,683,,1698174169683
0,1811,1978,607,684,,1698174169684
0,1812,1979,620,717,,1698174169717
0,1813,1980,632,719,,1698174169719
0,1814,1981,644,733,,1698174169733
0,1815,1982,657,746,,1698174169746
0,1816,1983,675,758,,1698174169758
0,1817,1984,687,770,,1698174169770
0,1818,1985,697,771,,1698174169771
0,1819,1986,709,795,,1698174169795
0,1820,1987,722,807,,1698174169807
0,1821,1988,736,822,,1698174169822
0,1822,1989,749,834,,1698174169834
0,1823,1990,762,846,,1698174169846
0,1824,1991,774,863,,1698174169863
0,1825,1992,785,875,,1698174169875
0,1826,1993,798,888,,1698174169888
0,1827,1994,810,900,,1698174169900
0,1828,1995,825,902,,1698174169902
0,1829,1996,837,925,,1698174169925
0,1830,1997,852,937,,1698174169937
0,1831,1998,866,949,,1698174169949
0,1832,1999,879,962,,1698174169962
0,1833,2000,892,974,,1698174169974
0,1834,2001,904,990,,1698174169990
0,1835,2002,915,3,,1698174170003
0,1836,2003,928,15,,1698174170015
0,1837,2004,940,27,,1698174170027
0,1838,2005,953,29,,1698174170029
0,1839,2006,965,52,,1698174170052
0,1840,2007,977,64,,1698174170064
0,1841,2008,993,76,,1698174170076
0,1842,2009,6,88,,1698174170088
0,1843,2010,19,101,,1698174170101
0,1844,2011,31,114,,1698174170114
0,1845,2012,42,127,,1698174170127
0,1846,2013,55,139,,1698174170139
0,1847,2014,67,154,,1698174170154
0,1848,2015,79,155,,1698174170155
0,1849,2016,92,179,,1698174170179
0,1850,2017,104,192,,1698174170192
0,1851,2018,117,193,,1698174170193
0,1852,2019,130,243,,1698174170243
0,1853,2020,145,259,,1698174170259
0,1854,2021,157,275,,1698174170275
0,1855,2022,169,276,,1698174170276
0,1856,2023,183,289,,1698174170289
0,1857,2024,211,303,,1698174170303
0,1858,2025,230,315,,1698174170315
0,1859,2026,246,331,,1698174170331
0,1860,2027,266,409,,1698174170409
0,1861,2028,279,445,,1698174170445
0,1862,2029,292,446,,1698174170446
0,1863,2030,306,460,,1698174170460
0,1864,2031,322,475,,1698174170475
0,1865,2032,399,498,,1698174170498
0,1866,2033,411,500,,1698174170500
0,1867,2034,433,512,,1698174170512
0,1868,2035,449,534,,1698174170534
0,1869,2036,465,548,,1698174170548
0,1870,2037,478,565,,1698174170565
0,1871,2038,490,577,,1698174170577
0,1872,2039,503,590,,1698174170590
0,1873,2040,514,591,,1698174170591
0,1874,2041,526,615,,1698174170615
0,1875,2042,537,628,,1698174170628
0,1876,2043,551,640,,1698174170640
0,1877,2044,568,652,,1698174170652
0,1878,2045,582,665,,1698174170665
0,1879,2046,594,679,,1698174170679
0,1880,2047,605,692,,1698174170692
0,1881,2048,619,704,,1698174170704
0,1882,2049,631,720,,1698174170720
0,1883,2050,643,721,,1698174170721
0,1884,2051,656,745,,1698174170745
0,1885,2052,668,757,,1698174170757
0,1886,2053,682,769,,1698174170769
0,1887,2054,695,781,,1698174170781
0,1888,2055,708,794,,1698174170794
0,1889,2056,723,807,,1698174170807
0,1890,2057,735,820,,1698174170820
0,1891,2058,748,832,,1698174170832
0,1892,2059,760,844,,1698174170844
0,1893,2060,772,846,,1698174170846
0,1894,2061,785,870,,1698174170870
0,1895,2062,797,887,,1698174170887
0,1896,2063,810,900,,1698174170900
0,1897,2064,823,912,,1698174170912
0,1898,2065,836,924,,1698174170924
0,1899,2066,848,926,,1698174170926
0,1900,2067,860,950,,1698174170950
0,1901,2068,876,962,,1698174170962
0,1902,2069,890,973,,1698174170973
0,1903,2070,903,975,,1698174170975
0,1904,2071,916,8,,1698174171008
0,1905,2072,928,10,,1698174171010
0,1906,2073,941,22,,1698174171022
0,1907,2074,953,35,,1698174171035
0,1908,2075,965,50,,1698174171050
0,1909,2076,977,64,,1698174171064
0,1910,2077,987,66,,1698174171066
0,1911,2078,0,89,,1698174171089
0,1912,2079,13,90,,1698174171090
0,1913,2080,25,102,,1698174171102
0,1914,2081,38,113,,1698174171113
0,1915,2082,54,146,,1698174171146
0,1916,2083,68,147,,1698174171147
0,1917,2084,81,160,,1698174171160
0,1918,2085,93,172,,1698174171172
0,1919,2086,105,185,,1698174171185
0,1920,2087,115,199,,1698174171199
0,1921,2088,125,201,,1698174171201
0,1922,2089,138,253,,1698174171253
0,1923,2090,150,269,,1698174171269
0,1924,2091,163,270,,1698174171270
0,1925,2092,176,288,,1698174171288
0,1926,2093,189,300,,1698174171300
0,1927,2094,220,312,,1698174171312
0,1928,2095,241,323,,1698174171323
0,1929,2096,257,413,,1698174171413
0,1930,2097,277,434,,1698174171434
0,1931,2098,291,450,,1698174171450
0,1932,2099,303,469,,1698174171469
0,1933,2100,315,470,,1698174171470
0,1934,2101,326,486,,1698174171486
0,1935,2102,392,509,,1698174171509
0,1936,2103,416,510,,1698174171510
0,1937,2104,437,522,,1698174171522
0,1938,2105,454,545,,1698174171545
0,1939,2106,475,559,,1698174171559
0,1940,2107,488,560,,1698174171560
0,1941,2108,501,583,,1698174171583
0,1942,2109,513,596,,1698174171596
0,1943,2110,525,597,,1698174171597
0,1944,2111,536,612,,1698174171612
0,1945,2112,549,647,,1698174171647
0,1946,2113,562,648,,1698174171648
0,1947,2114,574,650,,1698174171650
0,1948,2115,587,662,,1698174171662
0,1949,2116,600,698,,1698174171698
0,1950,2117,615,699,,1698174171699
0,1951,2118,626,701,,1698174171701
0,1952,2119,640,725,,1698174171725
0,1953,2120,653,738,,1698174171738
0,1954,2121,665,751,,1698174171751
0,1955,2122,675,753,,1698174171753
0,1956,2123,690,791,,1698174171791
0,1957,2124,703,793,,1698174171793
0,1958,2125,716,794,,1698174171794
0,1959,2126,728,808,,1698174171808
0,1960,2127,742,820,,1698174171820
0,1961,2128,755,845,,1698174171845
0,1962,2129,766,846,,1698174171846
0,1963,2130,783,869,,1698174171869
0,1964,2131,797,871,,1698174171871
0,1965,2132,811,894,,1698174171894
0,1966,2133,823,896,,1698174171896
0,1967,2134,837,929,,1698174171929
0,1968,2135,848,930,,1698174171930
0,1969,2136,861,946,,1698174171946
0,1970,2137,873,959,,1698174171959
0,1971,2138,886,972,,1698174171972
0,1972,2139,898,985,,1698174171985
0,1973,2140,909,986,,1698174171986
0,1974,2141,921,8,,1698174172008
0,1975,2142,933,10,,1698174172010
0,1976,2143,949,33,,1698174172033
0,1977,2144,962,46,,1698174172046
0,1978,2145,976,58,,1698174172058
0,1979,2146,989,59,,1698174172059
0,1980,2147,1,81,,1698174172081
0,1981,2148,12,95,,1698174172095
0,1982,2149,23,110,,1698174172110
0,1983,2150,37,122,,1698174172122
0,1984,2151,50,135,,1698174172135
0,1985,2152,62,136,,1698174172136
0,1986,2153,73,148,,1698174172148
0,1987,2154,84,171,,1698174172171
0,1988,2155,98,183,,1698174172183
0,1989,2156,113,195,,1698174172195
0,1990,2157,126,208,,1698174172208
0,1991,2158,139,235,,1698174172235
0,1992,2159,150,236,,1698174172236
0,1993,2160,163,275,,1698174172275
0,1994,2161,174,295,,1698174172295
0,1995,2162,186,296,,1698174172296
0,1996,2163,198,309,,1698174172309
0,1997,2164,227,321,,1698174172321
0,1998,2165,248,333,,1698174172333
0,1999,2166,263,345,,1698174172345
0,2000,2167,286,442,,1698174172442
0,2001,2168,299,458,,1698174172458
0,2002,2169,312,472,,1698174172472
0,2003,2170,324,474,,1698174172474
0,2004,2171,336,490,,1698174172490
0,2005,2172,402,517,,1698174172517
0,2006,2173,426,518,,1698174172518
0,2007,2174,445,531,,1698174172531
0,2008,2175,462,555,,1698174172555
0,2009,2176,479,567,,1698174172567
0,2010,2177,492,568,,1698174172568
0,2011,2178,509,591,,1698174172591
0,2012,2179,521,603,,1698174172603
0,2013,2180,533,617,,1698174172617
0,2014,2181,545,630,,1698174172630
0,2015,2182,559,646,,1698174172646
0,2016,2183,571,648,,1698174172648
0,2017,2184,582,660,,1698174172660
0,2018,2185,594,683,,1698174172683
0,2019,2186,606,695,,1698174172695
0,2020,2187,620,708,,1698174172708
0,2021,2188,634,720,,1698174172720
0,2022,2189,651,732,,1698174172732
0,2023,2190,662,746,,1698174172746
0,2024,2191,673,759,,1698174172759
0,2025,2192,686,771,,1698174172771
0,2026,2193,699,783,,1698174172783
0,2027,2194,711,785,,1698174172785
0,2028,2195,723,811,,1698174172811
0,2029,2196,735,823,,1698174172823
0,2030,2197,749,836,,1698174172836
0,2031,2198,762,848,,1698174172848
0,2032,2199,775,849,,1698174172849
0,2033,2200,787,873,,1698174172873
0,2034,2201,798,885,,1698174172885
0,2035,2202,814,897,,1698174172897
0,2036,2203,826,913,,1698174172913
0,2037,2204,840,928,,1698174172928
0,2038,2205,852,568,,1698174173568
0,2039,2206,863,595,,1698174173595
0,2040,2207,876,597,,1698174173597
0,2041,2208,888,730,,1698174173730
0,2042,2209,900,731,,1698174173731
0,2043,2210,916,752,,1698174173752
0,2044,2211,931,773,,1698174173773
0,2045,2212,573,786,,1698174173786
0,2046,2213,599,805,,1698174173805
0,2047,2214,712,819,,1698174173819
0,2048,2215,734,848,,1698174173848
0,2049,2216,762,849,,1698174173849
0,2050,2217,776,879,,1698174173879
0,2051,2218,789,880,,1698174173880
0,2052,2219,808,892,,1698174173892
0,2053,2220,839,926,,1698174173926
0,2054,2221,852,928,,1698174173928
0,2055,2222,860,941,,1698174173941
0,2056,2223,872,954,,1698174173954
t,s,l,time,newtime,rssi,now
0,0,2230,33,216,,1698177602216
0,1,2231,36,269,,1698177602269
0,2,2232,38,270,,1698177602270
0,3,2233,39,271,,1698177602271
0,5,2234,43,273,,1698177602273
0,6,2235,44,274,,1698177602274
0,7,2236,46,275,,1698177602275
0,8,2237,48,277,,1698177602277
0,9,2238,50,306,,1698177602306
0,10,2239,51,328,,1698177602328
0,11,2240,53,386,,1698177602386
0,12,2241,55,387,,1698177602387
0,13,2242,56,389,,1698177602389
0,14,2243,58,390,,1698177602390
0,15,2244,60,391,,1698177602391
0,16,2245,61,393,,1698177602393
0,17,2246,63,394,,1698177602394
0,19,2247,67,395,,1698177602395
0,20,2248,68,397,,1698177602397
0,21,2249,70,398,,1698177602398
0,22,2250,72,400,,1698177602400
0,23,2251,74,401,,1698177602401
0,24,2252,75,431,,1698177602431
0,25,2253,77,433,,1698177602433
0,26,2254,79,434,,1698177602434
0,27,2255,80,436,,1698177602436
0,28,2256,82,437,,1698177602437
0,29,2257,84,438,,1698177602438
