t,s,l,time,newtime,rssi
0,0,0,14,83,-76

0,2,2,9,154,-71

0,3,3,7,80,-74

0,4,4,6,98,-74

0,5,5,8,80,-74

0,6,6,7,78,-74

0,7,7,6,78,-74

0,8,8,6,78,-74

0,9,9,6,80,-75

0,10,10,7,111,-69

0,11,11,6,79,-75

0,12,12,5,82,-75

0,13,13,5,93,-75

0,14,14,6,84,-75

0,15,15,6,85,-70

0,16,16,41,126,-75

0,17,17,8,146,-75

0,18,18,9,89,-75

0,19,19,11,111,-74

0,20,20,6,104,-74

0,21,21,7,93,-74

0,22,22,7,89,-75

0,23,23,6,90,-75

0,24,24,7,90,-74

0,25,25,6,51,-75

0,26,26,7,115,-75

0,27,27,6,54,-75

0,28,28,6,55,-75

0,29,29,5,94,-74

0,30,30,8,57,-75

0,31,31,59,137,-74

0,32,32,8,186,-75

0,33,33,6,62,-74

0,34,34,6,59,-75

0,35,35,8,61,-75

0,36,36,7,63,-75

0,37,37,9,61,-75

0,38,38,7,59,-75

0,39,39,7,57,-75

0,40,40,6,64,-75

0,41,41,6,65,-75

0,42,42,6,63,-75

0,43,43,5,64,-75

0,44,44,6,63,-74

0,45,45,8,65,-75

0,46,46,68,156,-75

0,47,47,8,123,-76

0,48,48,8,75,-75

0,49,49,8,136,-75

0,50,50,7,76,-75

0,51,51,6,72,-75

0,52,52,7,71,-75

0,53,53,6,73,-74

0,54,54,23,95,-75

