t,s,l,time,newtime,rssi,now
0,0,2,725,140,-19,1698394421140
0,1,3,813,184,-19,1698394421184
0,2,4,937,186,-19,1698394421186
0,3,5,10,278,-19,1698394421278
0,4,6,27,280,-19,1698394421280
0,5,7,51,281,-19,1698394421281
0,6,8,63,312,-19,1698394421312
0,7,9,75,314,-19,1698394421314
0,8,10,86,315,-19,1698394421315
0,9,11,101,317,-19,1698394421317
0,10,12,117,387,-19,1698394421387
0,11,13,142,389,-19,1698394421389
0,12,14,188,470,-19,1698394421470
0,13,15,228,472,-19,1698394421472
0,14,16,250,473,-19,1698394421473
0,15,17,283,531,-19,1698394421531
0,16,18,319,586,-19,1698394421586
0,17,19,347,587,-19,1698394421587
0,18,20,361,589,-19,1698394421589
0,19,21,390,615,-19,1698394421615
0,20,22,435,666,-19,1698394421666
0,21,23,475,667,-19,1698394421667
0,22,24,533,685,-19,1698394421685
0,23,25,551,688,-19,1698394421688
0,24,26,567,733,-19,1698394421733
0,25,27,593,748,-19,1698394421748
0,26,28,618,915,-19,1698394421915
0,27,29,634,916,-19,1698394421916
0,28,30,648,944,-19,1698394421944
0,29,31,669,945,-19,1698394421945
0,30,32,690,947,-19,1698394421947
0,31,33,704,1,-19,1698394422001
0,32,34,716,3,-19,1698394422003
0,33,35,735,6,-19,1698394422006
0,34,36,750,9,-19,1698394422009
0,35,37,836,101,-19,1698394422101
0,36,38,884,151,-19,1698394422151
0,37,39,918,194,-19,1698394422194
0,38,40,949,195,-19,1698394422195
0,39,41,971,208,-19,1698394422208
0,40,42,987,246,-19,1698394422246
0,41,43,10,257,-19,1698394422257
0,42,44,40,292,-19,1698394422292
0,43,45,71,309,-19,1698394422309
0,44,46,102,323,-19,1698394422323
0,45,47,152,366,-19,1698394422366
0,46,48,211,382,-19,1698394422382
0,47,49,259,399,-19,1698394422399
0,48,50,295,442,-19,1698394422442
0,49,51,311,465,-19,1698394422465
0,50,52,324,478,-19,1698394422478
0,51,53,338,560,-19,1698394422560
0,52,54,352,562,-19,1698394422562
0,53,55,368,576,-19,1698394422576
0,54,56,384,578,-19,1698394422578
0,55,57,401,615,-19,1698394422615
0,56,58,417,722,-19,1698394422722
0,57,59,430,723,-19,1698394422723
0,58,60,444,724,-19,1698394422724
0,59,61,467,730,-19,1698394422730
0,60,62,480,777,-19,1698394422777
0,61,63,498,787,-19,1698394422787
0,62,64,522,922,-19,1698394422922
0,63,65,580,989,-19,1698394422989
0,64,66,617,25,-19,1698394423025
0,65,67,645,43,-19,1698394423043
0,66,68,682,46,-19,1698394423046
0,67,69,737,97,-19,1698394423097
0,68,70,789,111,-19,1698394423111
0,69,71,924,113,-19,1698394423113
0,70,72,990,152,-19,1698394423152
0,71,73,27,191,-19,1698394423191
0,72,74,51,238,-19,1698394423238
0,73,75,69,240,-19,1698394423240
0,74,76,83,241,-19,1698394423241
0,75,77,99,308,-19,1698394423308
0,76,78,114,309,-19,1698394423309
0,77,79,129,311,-19,1698394423311
0,78,80,141,333,-19,1698394423333
0,79,81,153,335,-19,1698394423335
0,80,82,164,359,-19,1698394423359
0,81,83,181,379,-19,1698394423379
0,82,84,193,381,-19,1698394423381
0,83,85,210,382,-19,1698394423382
0,84,86,226,383,-19,1698394423383
0,85,87,243,432,-19,1698394423432
0,86,88,263,434,-19,1698394423434
0,87,89,283,435,-19,1698394423435
0,88,90,312,477,-19,1698394423477
0,89,91,337,517,-19,1698394423517
0,90,92,360,518,-19,1698394423518
0,91,93,385,565,-19,1698394423565
0,92,94,401,569,-19,1698394423569
0,93,95,417,614,-19,1698394423614
0,94,96,437,616,-19,1698394423616
0,95,97,455,617,-19,1698394423617
0,96,98,465,709,-19,1698394423709
0,97,99,478,710,-19,1698394423710
0,98,100,494,712,-19,1698394423712
0,99,101,505,713,-19,1698394423713
0,100,102,520,715,-19,1698394423715
0,101,103,539,768,-19,1698394423768
0,102,104,552,803,-19,1698394423803
0,103,105,573,929,-19,1698394423929
0,104,106,595,930,-19,1698394423930
0,105,107,619,961,-19,1698394423961
0,106,108,638,994,-19,1698394423994
0,107,109,666,68,-19,1698394424068
0,108,110,724,69,-19,1698394424069
0,109,111,770,83,-19,1698394424083
0,110,112,805,138,-19,1698394424138
0,111,113,932,139,-19,1698394424139
0,112,114,962,175,-19,1698394424175
0,113,115,5,187,-19,1698394424187
0,114,116,31,212,-19,1698394424212
0,115,117,51,359,-19,1698394424359
0,116,118,71,361,-19,1698394424361
0,117,119,86,362,-19,1698394424362
0,118,120,103,416,-19,1698394424416
0,119,121,115,474,-19,1698394424474
0,120,122,141,530,-19,1698394424530
0,121,123,188,532,-19,1698394424532
0,122,124,214,572,-19,1698394424572
0,123,125,257,574,-19,1698394424574
0,124,126,290,770,-19,1698394424770
0,125,127,364,841,-19,1698394424841
0,126,128,438,842,-19,1698394424842
0,127,129,475,843,-19,1698394424843
0,128,130,533,185,-19,1698394425185
0,129,131,575,186,-19,1698394425186
0,130,132,667,188,-19,1698394425188
0,131,133,699,209,-19,1698394425209
0,132,134,771,222,-19,1698394425222
0,133,135,845,285,-19,1698394425285
0,134,136,31,352,-19,1698394425352
0,135,137,146,372,-19,1698394425372
0,136,138,189,373,-19,1698394425373
0,137,139,211,395,-19,1698394425395
0,138,140,224,397,-19,1698394425397
0,139,141,233,398,-19,1698394425398
0,140,142,240,399,-19,1698394425399
0,141,143,251,421,-19,1698394425421
0,142,144,266,438,-19,1698394425438
0,143,145,279,439,-19,1698394425439
0,144,146,291,441,-19,1698394425441
0,145,147,299,460,-19,1698394425460
0,146,148,319,473,-19,1698394425473
0,147,149,356,508,-19,1698394425508
0,148,150,375,547,-19,1698394425547
0,149,151,401,548,-19,1698394425548
0,150,152,423,575,-19,1698394425575
0,151,153,442,576,-19,1698394425576
0,152,154,462,658,-19,1698394425658
0,153,155,474,679,-19,1698394425679
0,154,156,486,681,-19,1698394425681
0,155,157,499,738,-19,1698394425738
0,156,158,510,739,-19,1698394425739
0,157,159,526,758,-19,1698394425758
0,158,160,549,759,-19,1698394425759
0,159,161,566,761,-19,1698394425761
0,160,162,578,762,-19,1698394425762
0,161,163,589,787,-19,1698394425787
0,162,164,600,788,-19,1698394425788
0,163,165,608,790,-19,1698394425790
0,164,166,615,812,-19,1698394425812
0,165,167,624,826,-19,1698394425826
0,166,168,645,828,-19,1698394425828
0,167,169,660,904,-19,1698394425904
0,168,170,701,963,-19,1698394425963
0,169,171,714,964,-19,1698394425964
0,170,172,741,966,-19,1698394425966
0,171,173,763,967,-19,1698394425967
0,172,174,791,73,-19,1698394426073
0,173,175,813,94,-19,1698394426094
0,174,176,829,96,-19,1698394426096
0,175,177,906,97,-19,1698394426097
0,176,178,930,99,-19,1698394426099
0,177,179,943,117,-19,1698394426117
0,178,180,969,159,-19,1698394426159
0,179,181,982,160,-19,1698394426160
0,180,182,10,204,-19,1698394426204
0,181,183,41,205,-19,1698394426205
0,182,184,58,225,-19,1698394426225
0,183,185,74,226,-19,1698394426226
0,184,186,100,270,-19,1698394426270
0,185,187,118,271,-19,1698394426271
0,186,188,134,317,-19,1698394426317
0,187,189,148,318,-19,1698394426318
0,188,190,161,319,-19,1698394426319
0,189,191,180,378,-19,1698394426378
0,190,192,191,379,-19,1698394426379
0,191,193,209,381,-19,1698394426381
0,192,194,228,398,-19,1698394426398
0,193,195,242,416,-19,1698394426416
0,194,196,259,418,-19,1698394426418
0,195,197,273,419,-19,1698394426419
0,196,198,285,433,-19,1698394426433
0,197,199,305,474,-19,1698394426474
0,198,200,321,516,-19,1698394426516
0,199,201,347,518,-19,1698394426518
0,200,202,359,521,-19,1698394426521
0,201,203,382,578,-19,1698394426578
0,202,204,400,580,-19,1698394426580
0,203,205,420,599,-19,1698394426599
0,204,206,435,619,-19,1698394426619
0,205,207,453,620,-19,1698394426620
0,206,208,464,621,-19,1698394426621
0,207,209,475,641,-19,1698394426641
0,208,210,488,643,-19,1698394426643
0,209,211,504,660,-19,1698394426660
0,210,212,523,674,-19,1698394426674
0,211,213,545,675,-19,1698394426675
0,212,214,557,722,-19,1698394426722
0,213,215,581,741,-19,1698394426741
0,214,216,601,786,-19,1698394426786
0,215,217,623,787,-19,1698394426787
0,216,218,647,788,-19,1698394426788
0,217,219,662,832,-19,1698394426832
0,218,220,677,833,-19,1698394426833
0,219,221,697,835,-19,1698394426835
0,220,222,711,954,-19,1698394426954
0,221,223,723,955,-19,1698394426955
0,222,224,742,977,-19,1698394426977
0,223,225,754,979,-19,1698394426979
0,224,226,764,980,-19,1698394426980
0,225,227,790,85,-19,1698394427085
0,226,228,803,88,-19,1698394427088
0,227,229,819,154,-19,1698394427154
0,228,230,836,156,-19,1698394427156
0,229,231,923,167,-19,1698394427167
0,230,232,939,169,-19,1698394427169
0,231,233,957,170,-19,1698394427170
0,232,234,982,199,-19,1698394427199
0,233,235,994,200,-19,1698394427200
0,234,236,29,202,-19,1698394427202
0,235,237,53,250,-19,1698394427250
0,236,238,72,251,-19,1698394427251
0,237,239,90,265,-19,1698394427265
0,238,240,110,267,-19,1698394427267
0,239,241,125,308,-19,1698394427308
0,240,242,172,352,-19,1698394427352
0,241,243,204,353,-19,1698394427353
0,242,244,222,355,-19,1698394427355
0,243,245,233,402,-19,1698394427402
0,244,246,253,404,-19,1698394427404
0,245,247,268,406,-19,1698394427406
0,246,248,280,409,-19,1698394427409
0,247,249,296,457,-19,1698394427457
0,248,250,309,471,-19,1698394427471
0,249,251,320,472,-19,1698394427472
0,250,252,335,474,-19,1698394427474
0,251,253,356,513,-19,1698394427513
0,252,254,375,556,-19,1698394427556
0,253,255,389,557,-19,1698394427557
0,254,256,413,617,-19,1698394427617
0,255,257,431,619,-19,1698394427619
0,256,258,442,620,-19,1698394427620
0,257,259,458,638,-19,1698394427638
0,258,260,475,659,-19,1698394427659
0,259,261,495,661,-19,1698394427661
0,260,262,504,680,-19,1698394427680
0,261,263,515,681,-19,1698394427681
0,262,264,528,682,-19,1698394427682
0,263,265,545,684,-19,1698394427684
0,264,266,559,726,-19,1698394427726
0,265,267,580,729,-19,1698394427729
0,266,268,595,749,-19,1698394427749
0,267,269,621,787,-19,1698394427787
0,268,270,640,789,-19,1698394427789
0,269,271,662,829,-19,1698394427829
0,270,272,687,831,-19,1698394427831
0,271,273,702,951,-19,1698394427951
0,272,274,713,952,-19,1698394427952
0,273,275,733,5,-19,1698394428005
0,274,276,751,7,-19,1698394428007
0,275,277,762,8,-19,1698394428008
0,276,278,777,9,-19,1698394428009
0,277,279,790,11,-19,1698394428011
0,278,280,804,12,-19,1698394428012
0,279,281,819,130,-19,1698394428130
0,280,282,832,132,-19,1698394428132
0,281,283,848,133,-19,1698394428133
0,282,284,931,171,-19,1698394428171
0,283,285,954,172,-19,1698394428172
0,284,286,969,174,-19,1698394428174
0,285,287,987,175,-19,1698394428175
0,286,288,14,176,-19,1698394428176
0,287,289,57,221,-19,1698394428221
0,288,290,74,233,-19,1698394428233
0,289,291,92,273,-19,1698394428273
0,290,292,112,274,-19,1698394428274
0,291,293,135,320,-19,1698394428320
0,292,294,151,321,-19,1698394428321
0,293,295,178,384,-19,1698394428384
0,294,296,195,385,-19,1698394428385
0,295,297,208,387,-19,1698394428387
0,296,298,222,388,-19,1698394428388
0,297,299,235,409,-19,1698394428409
0,298,300,246,411,-19,1698394428411
0,299,301,262,426,-19,1698394428426
0,300,302,276,427,-19,1698394428427
0,301,303,290,443,-19,1698394428443
0,302,304,308,481,-19,1698394428481
0,303,305,323,501,-19,1698394428501
0,304,306,341,503,-19,1698394428503
0,305,307,363,547,-19,1698394428547
0,306,308,389,549,-19,1698394428549
0,307,309,412,599,-19,1698394428599
0,308,310,429,600,-19,1698394428600
0,309,311,444,602,-19,1698394428602
0,310,312,460,652,-19,1698394428652
0,311,313,470,653,-19,1698394428653
0,312,314,483,655,-19,1698394428655
0,313,315,504,656,-19,1698394428656
0,314,316,516,657,-19,1698394428657
0,315,317,528,674,-19,1698394428674
0,316,318,550,713,-19,1698394428713
0,317,319,565,751,-19,1698394428751
0,318,320,585,752,-19,1698394428752
0,319,321,603,753,-19,1698394428753
0,320,322,620,798,-19,1698394428798
0,321,323,635,799,-19,1698394428799
0,322,324,659,846,-19,1698394428846
0,323,325,675,850,-19,1698394428850
0,324,326,688,853,-19,1698394428853
0,325,327,705,955,-19,1698394428955
0,326,328,715,957,-19,1698394428957
0,327,329,740,7,-19,1698394429007
0,328,330,755,8,-19,1698394429008
0,329,331,777,9,-19,1698394429009
0,330,332,787,11,-19,1698394429011
0,331,333,800,12,-19,1698394429012
0,332,334,817,131,-19,1698394429131
0,333,335,831,147,-19,1698394429147
0,334,336,857,173,-19,1698394429173
0,335,337,933,176,-19,1698394429176
0,336,338,958,178,-19,1698394429178
0,337,339,973,179,-19,1698394429179
0,338,340,992,180,-19,1698394429180
0,339,341,14,230,-19,1698394429230
0,340,342,40,249,-19,1698394429249
0,341,343,68,251,-19,1698394429251
0,342,344,79,252,-19,1698394429252
0,343,345,97,270,-19,1698394429270
0,344,346,114,284,-19,1698394429284
0,345,347,132,286,-19,1698394429286
0,346,348,149,329,-19,1698394429329
0,347,349,182,353,-19,1698394429353
0,348,350,199,354,-19,1698394429354
0,349,351,217,439,-19,1698394429439
0,350,352,232,440,-19,1698394429440
0,351,353,254,474,-19,1698394429474
0,352,354,272,475,-19,1698394429475
0,353,355,289,527,-19,1698394429527
0,354,356,303,563,-19,1698394429563
0,355,357,314,564,-19,1698394429564
0,356,358,333,611,-19,1698394429611
0,357,359,356,642,-19,1698394429642
0,358,360,380,666,-19,1698394429666
0,359,361,412,676,-19,1698394429676
0,360,362,441,677,-19,1698394429677
0,361,363,492,820,-19,1698394429820
0,362,364,531,821,-19,1698394429821
0,363,365,566,61,-19,1698394430061
0,364,366,613,62,-19,1698394430062
0,365,367,643,113,-19,1698394430113
0,366,368,679,114,-19,1698394430114
0,367,369,717,147,-19,1698394430147
0,368,370,749,149,-19,1698394430149
0,369,371,779,165,-19,1698394430165
0,370,372,823,233,-19,1698394430233
0,371,373,881,245,-19,1698394430245
0,372,374,64,268,-19,1698394430268
0,373,375,116,315,-19,1698394430315
0,374,376,150,316,-19,1698394430316
0,375,377,167,317,-19,1698394430317
0,376,378,182,338,-19,1698394430338
0,377,379,193,358,-19,1698394430358
0,378,380,203,360,-19,1698394430360
0,379,381,216,361,-19,1698394430361
0,380,382,235,413,-19,1698394430413
0,381,383,247,415,-19,1698394430415
0,382,384,270,416,-19,1698394430416
0,383,385,281,430,-19,1698394430430
0,384,386,300,470,-19,1698394430470
0,385,387,319,471,-19,1698394430471
0,386,388,340,510,-19,1698394430510
0,387,389,362,511,-19,1698394430511
0,388,390,382,556,-19,1698394430556
0,389,391,396,557,-19,1698394430557
0,390,392,418,616,-19,1698394430616
0,391,393,432,617,-19,1698394430617
0,392,394,443,618,-19,1698394430618
0,393,395,460,620,-19,1698394430620
0,394,396,473,657,-19,1698394430657
0,395,397,485,658,-19,1698394430658
0,396,398,499,674,-19,1698394430674
0,397,399,513,676,-19,1698394430676
0,398,400,526,677,-19,1698394430677
0,399,401,545,678,-19,1698394430678
0,400,402,559,723,-19,1698394430723
0,401,403,578,773,-19,1698394430773
0,402,404,595,787,-19,1698394430787
0,403,405,621,872,-19,1698394430872
0,404,406,638,873,-19,1698394430873
0,405,407,659,955,-19,1698394430955
0,406,408,680,956,-19,1698394430956
0,407,409,698,985,-19,1698394430985
0,408,410,708,987,-19,1698394430987
0,409,411,725,988,-19,1698394430988
0,410,412,749,8,-19,1698394431008
0,411,413,788,24,-19,1698394431024
0,412,414,819,40,-19,1698394431040
0,413,415,842,139,-19,1698394431139
0,414,416,874,191,-19,1698394431191
0,415,417,963,315,-19,1698394431315
0,416,418,990,317,-19,1698394431317
0,417,419,9,318,-19,1698394431318
0,418,420,25,319,-19,1698394431319
0,419,421,42,321,-19,1698394431321
0,420,422,55,359,-19,1698394431359
0,421,423,107,376,-19,1698394431376
0,422,424,140,394,-19,1698394431394
0,423,425,192,408,-19,1698394431408
0,424,426,231,409,-19,1698394431409
0,425,427,279,424,-19,1698394431424
0,426,428,322,482,-19,1698394431482
0,427,429,360,483,-19,1698394431483
0,428,430,377,536,-19,1698394431536
0,429,431,395,540,-19,1698394431540
0,430,432,411,542,-19,1698394431542
0,431,433,425,584,-19,1698394431584
0,432,434,434,603,-19,1698394431603
0,433,435,441,604,-19,1698394431604
0,434,436,458,606,-19,1698394431606
0,435,437,466,652,-19,1698394431652
0,436,438,485,653,-19,1698394431653
0,437,439,505,654,-19,1698394431654
0,438,440,513,670,-19,1698394431670
0,439,441,543,671,-19,1698394431671
0,440,442,555,712,-19,1698394431712
0,441,443,573,752,-19,1698394431752
0,442,444,586,753,-19,1698394431753
0,443,445,608,754,-19,1698394431754
0,444,446,625,793,-19,1698394431793
0,445,447,637,795,-19,1698394431795
0,446,448,656,841,-19,1698394431841
0,447,449,672,842,-19,1698394431842
0,448,450,689,845,-19,1698394431845
0,449,451,703,879,-19,1698394431879
0,450,452,714,880,-19,1698394431880
0,451,453,729,882,-19,1698394431882
0,452,454,756,8,-19,1698394432008
0,453,455,768,10,-19,1698394432010
0,454,456,783,11,-19,1698394432011
0,455,457,796,31,-19,1698394432031
0,456,458,817,32,-19,1698394432032
0,457,459,828,33,-19,1698394432033
0,458,460,849,90,-19,1698394432090
0,459,461,865,154,-19,1698394432154
0,460,462,883,156,-19,1698394432156
0,461,463,974,177,-19,1698394432177
0,462,464,990,179,-19,1698394432179
0,463,465,13,180,-19,1698394432180
0,464,466,35,194,-19,1698394432194
0,465,467,53,236,-19,1698394432236
0,466,468,63,271,-19,1698394432271
0,467,469,102,272,-19,1698394432272
0,468,470,120,274,-19,1698394432274
0,469,471,137,275,-19,1698394432275
0,470,472,157,316,-19,1698394432316
0,471,473,182,359,-19,1698394432359
0,472,474,196,364,-19,1698394432364
0,473,475,209,365,-19,1698394432365
0,474,476,227,412,-19,1698394432412
0,475,477,238,413,-19,1698394432413
0,476,478,251,414,-19,1698394432414
0,477,479,277,415,-19,1698394432415
0,478,480,299,417,-19,1698394432417
0,479,481,308,437,-19,1698394432437
0,480,482,318,475,-19,1698394432475
0,481,483,346,500,-19,1698394432500
0,482,484,367,502,-19,1698394432502
0,483,485,382,542,-19,1698394432542
0,484,486,395,543,-19,1698394432543
0,485,487,418,558,-19,1698394432558
0,486,488,438,604,-19,1698394432604
0,487,489,455,606,-19,1698394432606
0,488,490,465,652,-19,1698394432652
0,489,491,476,653,-19,1698394432653
0,490,492,503,654,-19,1698394432654
0,491,493,516,656,-19,1698394432656
0,492,494,529,671,-19,1698394432671
0,493,495,545,672,-19,1698394432672
0,494,496,560,714,-19,1698394432714
0,495,497,575,756,-19,1698394432756
0,496,498,587,757,-19,1698394432757
0,497,499,607,759,-19,1698394432759
0,498,500,621,804,-19,1698394432804
0,499,501,634,808,-19,1698394432808
0,500,502,657,811,-19,1698394432811
0,501,503,673,829,-19,1698394432829
0,502,504,686,865,-19,1698394432865
0,503,505,701,980,-19,1698394432980
0,504,506,716,982,-19,1698394432982
0,505,507,728,983,-19,1698394432983
0,506,508,745,6,-19,1698394433006
0,507,509,760,7,-19,1698394433007
0,508,510,780,9,-19,1698394433009
0,509,511,791,40,-19,1698394433040
0,510,512,815,41,-19,1698394433041
0,511,513,830,42,-19,1698394433042
0,512,514,867,139,-19,1698394433139
0,513,515,878,190,-19,1698394433190
0,514,516,893,192,-19,1698394433192
0,515,517,985,193,-19,1698394433193
0,516,518,10,194,-19,1698394433194
0,517,519,25,196,-19,1698394433196
0,518,520,44,197,-19,1698394433197
0,519,521,57,239,-19,1698394433239
0,520,522,67,279,-19,1698394433279
0,521,523,104,280,-19,1698394433280
0,522,524,121,281,-19,1698394433281
0,523,525,141,302,-19,1698394433302
0,524,526,155,304,-19,1698394433304
0,525,527,173,377,-19,1698394433377
0,526,528,199,378,-19,1698394433378
0,527,529,221,396,-19,1698394433396
0,528,530,230,412,-19,1698394433412
0,529,531,241,413,-19,1698394433413
0,530,532,258,414,-19,1698394433414
0,531,533,283,416,-19,1698394433416
0,532,534,305,439,-19,1698394433439
0,533,535,333,478,-19,1698394433478
0,534,536,357,485,-19,1698394433485
0,535,537,380,520,-19,1698394433520
0,536,538,397,521,-19,1698394433521
0,537,539,417,578,-19,1698394433578
0,538,540,431,579,-19,1698394433579
0,539,541,441,580,-19,1698394433580
0,540,542,456,593,-19,1698394433593
0,541,543,470,637,-19,1698394433637
0,542,544,488,638,-19,1698394433638
0,543,545,505,655,-19,1698394433655
0,544,546,523,656,-19,1698394433656
0,545,547,544,669,-19,1698394433669
0,546,548,552,708,-19,1698394433708
0,547,549,582,748,-19,1698394433748
0,548,550,597,749,-19,1698394433749
0,549,551,611,750,-19,1698394433750
0,550,552,622,794,-19,1698394433794
0,551,553,640,795,-19,1698394433795
0,552,554,658,839,-19,1698394433839
0,553,555,671,841,-19,1698394433841
0,554,556,681,842,-19,1698394433842
0,555,557,697,843,-19,1698394433843
0,556,558,709,899,-19,1698394433899
0,557,559,720,901,-19,1698394433901
0,558,560,735,989,-19,1698394433989
0,559,561,752,990,-19,1698394433990
0,560,562,763,992,-19,1698394433992
0,561,563,783,13,-19,1698394434013
0,562,564,796,29,-19,1698394434029
0,563,565,814,30,-19,1698394434030
0,564,566,825,46,-19,1698394434046
0,565,567,847,189,-19,1698394434189
0,566,568,867,190,-19,1698394434190
0,567,569,879,191,-19,1698394434191
0,568,570,902,193,-19,1698394434193
0,569,571,993,194,-19,1698394434194
0,570,572,15,240,-19,1698394434240
0,571,573,31,241,-19,1698394434241
0,572,574,47,243,-19,1698394434243
0,573,575,56,244,-19,1698394434244
0,574,576,63,325,-19,1698394434325
0,575,577,118,352,-19,1698394434352
0,576,578,152,354,-19,1698394434354
0,577,579,171,369,-19,1698394434369
0,578,580,199,419,-19,1698394434419
0,579,581,246,421,-19,1698394434421
0,580,582,258,422,-19,1698394434422
0,581,583,266,423,-19,1698394434423
0,582,584,273,424,-19,1698394434424
0,583,585,292,439,-19,1698394434439
0,584,586,303,482,-19,1698394434482
0,585,587,314,483,-19,1698394434483
0,586,588,329,513,-19,1698394434513
0,587,589,355,514,-19,1698394434514
0,588,590,371,516,-19,1698394434516
0,589,591,383,559,-19,1698394434559
0,590,592,399,561,-19,1698394434561
0,591,593,426,619,-19,1698394434619
0,592,594,441,620,-19,1698394434620
0,593,595,458,621,-19,1698394434621
0,594,596,468,652,-19,1698394434652
0,595,597,485,653,-19,1698394434653
0,596,598,502,731,-19,1698394434731
0,597,599,517,733,-19,1698394434733
0,598,600,536,735,-19,1698394434735
0,599,601,549,768,-19,1698394434768
0,600,602,562,769,-19,1698394434769
0,601,603,581,793,-19,1698394434793
0,602,604,596,891,-19,1698394434891
0,603,605,623,892,-19,1698394434892
0,604,606,654,893,-19,1698394434893
0,605,607,669,934,-19,1698394434934
0,606,608,693,60,-19,1698394435060
0,607,609,736,103,-19,1698394435103
0,608,610,770,105,-19,1698394435105
0,609,611,794,137,-19,1698394435137
0,610,612,831,181,-19,1698394435181
0,611,613,871,182,-19,1698394435182
0,612,614,895,300,-19,1698394435300
0,613,615,936,301,-19,1698394435301
0,614,616,62,302,-19,1698394435302
0,615,617,106,334,-19,1698394435334
0,616,618,139,372,-19,1698394435372
0,617,619,184,394,-19,1698394435394
0,618,620,232,472,-19,1698394435472
0,619,621,262,473,-19,1698394435473
0,620,622,304,522,-19,1698394435522
0,621,623,335,524,-19,1698394435524
0,622,624,374,527,-19,1698394435527
0,623,625,396,541,-19,1698394435541
0,624,626,417,582,-19,1698394435582
0,625,627,441,619,-19,1698394435619
0,626,628,475,620,-19,1698394435620
0,627,629,497,662,-19,1698394435662
0,628,630,510,664,-19,1698394435664
0,629,631,529,665,-19,1698394435665
0,630,632,543,666,-19,1698394435666
0,631,633,557,708,-19,1698394435708
0,632,634,572,709,-19,1698394435709
0,633,635,583,753,-19,1698394435753
0,634,636,598,754,-19,1698394435754
0,635,637,621,795,-19,1698394435795
0,636,638,634,797,-19,1698394435797
0,637,639,647,798,-19,1698394435798
0,638,640,668,799,-19,1698394435799
0,639,641,681,845,-19,1698394435845
0,640,642,695,877,-19,1698394435877
0,641,643,711,879,-19,1698394435879
0,642,644,722,880,-19,1698394435880
0,643,645,743,960,-19,1698394435960
0,644,646,756,961,-19,1698394435961
0,645,647,772,962,-19,1698394435962
0,646,648,783,964,-19,1698394435964
0,647,649,801,102,-19,1698394436102
0,648,650,821,192,-19,1698394436192
0,649,651,833,193,-19,1698394436193
0,650,652,849,194,-19,1698394436194
0,651,653,866,196,-19,1698394436196
0,652,654,882,197,-19,1698394436197
0,653,655,899,198,-19,1698394436198
0,654,656,911,248,-19,1698394436248
0,655,657,965,250,-19,1698394436250
0,656,658,104,275,-19,1698394436275
0,657,659,132,311,-19,1698394436311
0,658,660,161,349,-19,1698394436349
0,659,661,200,351,-19,1698394436351
0,660,662,221,395,-19,1698394436395
0,661,663,235,396,-19,1698394436396
0,662,664,251,398,-19,1698394436398
0,663,665,266,399,-19,1698394436399
0,664,666,277,421,-19,1698394436421
0,665,667,290,440,-19,1698394436440
0,666,668,303,483,-19,1698394436483
0,667,669,313,484,-19,1698394436484
0,668,670,334,485,-19,1698394436485
0,669,671,352,487,-19,1698394436487
0,670,672,369,507,-19,1698394436507
0,671,673,381,518,-19,1698394436518
0,672,674,401,552,-19,1698394436552
0,673,675,422,586,-19,1698394436586
0,674,676,442,588,-19,1698394436588
0,675,677,458,640,-19,1698394436640
0,676,678,469,641,-19,1698394436641
0,677,679,488,642,-19,1698394436642
0,678,680,508,659,-19,1698394436659
0,679,681,520,661,-19,1698394436661
0,680,682,534,679,-19,1698394436679
0,681,683,543,680,-19,1698394436680
0,682,684,553,770,-19,1698394436770
0,683,685,578,809,-19,1698394436809
0,684,686,589,810,-19,1698394436810
0,685,687,609,848,-19,1698394436848
0,686,688,626,857,-19,1698394436857
0,687,689,644,858,-19,1698394436858
0,688,690,662,921,-19,1698394436921
0,689,691,682,942,-19,1698394436942
0,690,692,715,980,-19,1698394436980
0,691,693,751,982,-19,1698394436982
0,692,694,772,121,-19,1698394437121
0,693,695,817,149,-19,1698394437149
0,694,696,860,273,-19,1698394437273
0,695,697,897,274,-19,1698394437274
0,696,698,923,276,-19,1698394437276
0,697,699,944,298,-19,1698394437298
0,698,700,983,335,-19,1698394437335
0,699,701,123,351,-19,1698394437351
0,700,702,150,393,-19,1698394437393
0,701,703,211,394,-19,1698394437394
0,702,704,257,395,-19,1698394437395
0,703,705,277,415,-19,1698394437415
0,704,706,299,426,-19,1698394437426
0,705,707,310,470,-19,1698394437470
0,706,708,319,471,-19,1698394437471
0,707,709,337,519,-19,1698394437519
0,708,710,353,520,-19,1698394437520
0,709,711,364,522,-19,1698394437522
0,710,712,378,523,-19,1698394437523
0,711,713,397,607,-19,1698394437607
0,712,714,416,610,-19,1698394437610
0,713,715,428,634,-19,1698394437634
0,714,716,439,636,-19,1698394437636
0,715,717,456,741,-19,1698394437741
0,716,718,473,743,-19,1698394437743
0,717,719,494,744,-19,1698394437744
0,718,720,505,745,-19,1698394437745
0,719,721,524,757,-19,1698394437757
0,720,722,543,797,-19,1698394437797
0,721,723,564,823,-19,1698394437823
0,722,724,612,852,-19,1698394437852
0,723,725,647,882,-19,1698394437882
0,724,726,672,911,-19,1698394437911
0,725,727,704,912,-19,1698394437912
0,726,728,758,992,-19,1698394437992
0,727,729,799,110,-19,1698394438110
0,728,730,824,151,-19,1698394438151
0,729,731,854,167,-19,1698394438167
0,730,732,883,199,-19,1698394438199
0,731,733,914,257,-19,1698394438257
0,732,734,943,269,-19,1698394438269
0,733,735,993,271,-19,1698394438271
0,734,736,112,308,-19,1698394438308
0,735,737,152,348,-19,1698394438348
0,736,738,169,350,-19,1698394438350
0,737,739,200,398,-19,1698394438398
0,738,740,230,399,-19,1698394438399
0,739,741,242,401,-19,1698394438401
0,740,742,258,423,-19,1698394438423
0,741,743,272,424,-19,1698394438424
0,742,744,286,438,-19,1698394438438
0,743,745,299,439,-19,1698394438439
0,744,746,310,476,-19,1698394438476
0,745,747,320,477,-19,1698394438477
0,746,748,351,514,-19,1698394438514
0,747,749,364,551,-19,1698394438551
0,748,750,380,552,-19,1698394438552
0,749,751,402,553,-19,1698394438553
0,750,752,425,604,-19,1698394438604
0,751,753,440,605,-19,1698394438605
0,752,754,454,606,-19,1698394438606
0,753,755,464,651,-19,1698394438651
0,754,756,479,653,-19,1698394438653
0,755,757,496,654,-19,1698394438654
0,756,758,505,655,-19,1698394438655
0,757,759,515,657,-19,1698394438657
0,758,760,541,674,-19,1698394438674
0,759,761,555,711,-19,1698394438711
0,760,762,575,747,-19,1698394438747
0,761,763,589,749,-19,1698394438749
0,762,764,609,750,-19,1698394438750
0,763,765,624,790,-19,1698394438790
0,764,766,637,792,-19,1698394438792
0,765,767,658,834,-19,1698394438834
0,766,768,676,835,-19,1698394438835
0,767,769,688,837,-19,1698394438837
0,768,770,702,882,-19,1698394438882
0,769,771,712,883,-19,1698394438883
0,770,772,738,938,-19,1698394438938
0,771,773,752,940,-19,1698394438940
0,772,774,764,941,-19,1698394438941
0,773,775,781,943,-19,1698394438943
0,774,776,793,958,-19,1698394438958
0,775,777,810,959,-19,1698394438959
0,776,778,823,72,-19,1698394439072
0,777,779,838,73,-19,1698394439073
0,778,780,860,115,-19,1698394439115
0,779,781,872,117,-19,1698394439117
0,780,782,885,118,-19,1698394439118
0,781,783,905,142,-19,1698394439142
0,782,784,918,143,-19,1698394439143
0,783,785,944,201,-19,1698394439201
0,784,786,961,202,-19,1698394439202
0,785,787,980,204,-19,1698394439204
0,786,788,990,267,-19,1698394439267
0,787,789,75,268,-19,1698394439268
0,788,790,102,270,-19,1698394439270
0,789,791,120,285,-19,1698394439285
0,790,792,144,312,-19,1698394439312
0,791,793,157,354,-19,1698394439354
0,792,794,172,355,-19,1698394439355
0,793,795,207,357,-19,1698394439357
0,794,796,235,396,-19,1698394439396
0,795,797,252,397,-19,1698394439397
0,796,798,271,398,-19,1698394439398
0,797,799,289,439,-19,1698394439439
0,798,800,303,480,-19,1698394439480
0,799,801,314,482,-19,1698394439482
0,800,802,327,483,-19,1698394439483
0,801,803,358,580,-19,1698394439580
0,802,804,373,581,-19,1698394439581
0,803,805,385,583,-19,1698394439583
0,804,806,400,620,-19,1698394439620
0,805,807,419,653,-19,1698394439653
0,806,808,428,654,-19,1698394439654
0,807,809,440,669,-19,1698394439669
0,808,810,459,670,-19,1698394439670
0,809,811,496,696,-19,1698394439696
0,810,812,510,698,-19,1698394439698
0,811,813,542,719,-19,1698394439719
0,812,814,584,749,-19,1698394439749
0,813,815,622,765,-19,1698394439765
0,814,816,656,803,-19,1698394439803
0,815,817,672,804,-19,1698394439804
0,816,818,699,869,-19,1698394439869
0,817,819,710,870,-19,1698394439870
0,818,820,721,872,-19,1698394439872
0,819,821,732,873,-19,1698394439873
0,820,822,750,890,-19,1698394439890
0,821,823,758,903,-19,1698394439903
0,822,824,776,915,-19,1698394439915
0,823,825,790,917,-19,1698394439917
0,824,826,806,953,-19,1698394439953
0,825,827,829,991,-19,1698394439991
0,826,828,838,992,-19,1698394439992
0,827,829,855,124,-19,1698394440124
0,828,830,874,125,-19,1698394440125
0,829,831,892,128,-19,1698394440128
0,830,832,905,147,-19,1698394440147
0,831,833,918,148,-19,1698394440148
0,832,834,936,149,-19,1698394440149
0,833,835,945,172,-19,1698394440172
0,834,836,955,174,-19,1698394440174
0,835,837,980,211,-19,1698394440211
0,836,838,994,237,-19,1698394440237
0,837,839,70,307,-19,1698394440307
0,838,840,101,309,-19,1698394440309
0,839,841,131,323,-19,1698394440323
0,840,842,151,356,-19,1698394440356
0,841,843,175,357,-19,1698394440357
0,842,844,213,396,-19,1698394440396
0,843,845,250,397,-19,1698394440397
0,844,846,275,399,-19,1698394440399
0,845,847,293,436,-19,1698394440436
0,846,848,310,485,-19,1698394440485
0,847,849,325,488,-19,1698394440488
0,848,850,342,516,-19,1698394440516
0,849,851,358,518,-19,1698394440518
0,850,852,373,519,-19,1698394440519
0,851,853,383,520,-19,1698394440520
0,852,854,400,563,-19,1698394440563
0,853,855,417,566,-19,1698394440566
0,854,856,426,585,-19,1698394440585
0,855,857,437,603,-19,1698394440603
0,856,858,458,648,-19,1698394440648
0,857,859,473,650,-19,1698394440650
0,858,860,492,652,-19,1698394440652
0,859,861,505,653,-19,1698394440653
0,860,862,522,654,-19,1698394440654
0,861,863,542,672,-19,1698394440672
0,862,864,552,710,-19,1698394440710
0,863,865,570,744,-19,1698394440744
0,864,866,587,746,-19,1698394440746
0,865,867,605,747,-19,1698394440747
0,866,868,621,748,-19,1698394440748
0,867,869,634,788,-19,1698394440788
0,868,870,656,825,-19,1698394440825
0,869,871,673,827,-19,1698394440827
0,870,872,683,828,-19,1698394440828
0,871,873,701,869,-19,1698394440869
0,872,874,712,871,-19,1698394440871
0,873,875,722,872,-19,1698394440872
0,874,876,750,912,-19,1698394440912
0,875,877,764,913,-19,1698394440913
0,876,878,780,914,-19,1698394440914
0,877,879,790,958,-19,1698394440958
0,878,880,802,960,-19,1698394440960
0,879,881,830,3,-19,1698394441003
0,880,882,840,4,-19,1698394441004
0,881,883,857,6,-19,1698394441006
0,882,884,873,95,-19,1698394441095
0,883,885,889,109,-19,1698394441109
0,884,886,901,159,-19,1698394441159
0,885,887,916,161,-19,1698394441161
0,886,888,935,162,-19,1698394441162
0,887,889,949,163,-19,1698394441163
0,888,890,961,166,-19,1698394441166
0,889,891,977,169,-19,1698394441169
0,890,892,991,229,-19,1698394441229
0,891,893,10,263,-19,1698394441263
0,892,894,97,309,-19,1698394441309
0,893,895,111,310,-19,1698394441310
0,894,896,128,311,-19,1698394441311
0,895,897,145,313,-19,1698394441313
0,896,898,170,314,-19,1698394441314
0,897,899,189,359,-19,1698394441359
0,898,900,200,397,-19,1698394441397
0,899,901,239,399,-19,1698394441399
0,900,902,264,400,-19,1698394441400
0,901,903,279,401,-19,1698394441401
0,902,904,296,428,-19,1698394441428
0,903,905,315,466,-19,1698394441466
0,904,906,335,509,-19,1698394441509
0,905,907,347,510,-19,1698394441510
0,906,908,361,512,-19,1698394441512
0,907,909,378,513,-19,1698394441513
0,908,910,403,558,-19,1698394441558
0,909,911,417,559,-19,1698394441559
0,910,912,429,560,-19,1698394441560
0,911,913,439,607,-19,1698394441607
0,912,914,451,610,-19,1698394441610
0,913,915,467,627,-19,1698394441627
0,914,916,479,641,-19,1698394441641
0,915,917,497,657,-19,1698394441657
0,916,918,515,659,-19,1698394441659
0,917,919,532,672,-19,1698394441672
0,918,920,542,673,-19,1698394441673
0,919,921,562,709,-19,1698394441709
0,920,922,579,749,-19,1698394441749
0,921,923,589,750,-19,1698394441750
0,922,924,612,786,-19,1698394441786
0,923,925,629,788,-19,1698394441788
0,924,926,643,789,-19,1698394441789
0,925,927,660,790,-19,1698394441790
0,926,928,675,829,-19,1698394441829
0,927,929,691,830,-19,1698394441830
0,928,930,701,871,-19,1698394441871
0,929,931,711,873,-19,1698394441873
0,930,932,732,915,-19,1698394441915
0,931,933,752,916,-19,1698394441916
0,932,934,763,918,-19,1698394441918
0,933,935,792,919,-19,1698394441919
0,934,936,803,959,-19,1698394441959
0,935,937,817,13,-19,1698394442013
0,936,938,831,14,-19,1698394442014
0,937,939,843,16,-19,1698394442016
0,938,940,861,159,-19,1698394442159
0,939,941,874,160,-19,1698394442160
0,940,942,891,162,-19,1698394442162
0,941,943,904,163,-19,1698394442163
0,942,944,920,213,-19,1698394442213
0,943,945,940,359,-19,1698394442359
0,944,946,950,361,-19,1698394442361
0,945,947,960,362,-19,1698394442362
0,946,948,978,363,-19,1698394442363
0,947,949,17,412,-19,1698394442412
0,948,950,165,414,-19,1698394442414
0,949,951,214,415,-19,1698394442415
0,950,952,255,520,-19,1698394442520
0,951,953,317,540,-19,1698394442540
0,952,954,365,586,-19,1698394442586
0,953,955,389,607,-19,1698394442607
0,954,956,402,610,-19,1698394442610
0,955,957,417,612,-19,1698394442612
0,956,958,427,613,-19,1698394442613
0,957,959,435,615,-19,1698394442615
0,958,960,449,635,-19,1698394442635
0,959,961,480,652,-19,1698394442652
0,960,962,496,654,-19,1698394442654
0,961,963,504,667,-19,1698394442667
0,962,964,513,669,-19,1698394442669
0,963,965,522,681,-19,1698394442681
0,964,966,559,722,-19,1698394442722
0,965,967,574,738,-19,1698394442738
0,966,968,588,740,-19,1698394442740
0,967,969,616,781,-19,1698394442781
0,968,970,637,782,-19,1698394442782
0,969,971,655,839,-19,1698394442839
0,970,972,670,840,-19,1698394442840
0,971,973,682,842,-19,1698394442842
0,972,974,702,950,-19,1698394442950
0,973,975,712,951,-19,1698394442951
0,974,976,723,952,-19,1698394442952
0,975,977,741,954,-19,1698394442954
0,976,978,753,995,-19,1698394442995
0,977,979,764,5,-19,1698394443005
0,978,980,784,8,-19,1698394443008
0,979,981,795,29,-19,1698394443029
0,980,982,806,43,-19,1698394443043
0,981,983,847,122,-19,1698394443122
0,982,984,886,144,-19,1698394443144
0,983,985,913,184,-19,1698394443184
0,984,986,955,185,-19,1698394443185
0,985,987,9,187,-19,1698394443187
0,986,988,31,226,-19,1698394443226
0,987,989,46,297,-19,1698394443297
0,988,990,124,299,-19,1698394443299
0,989,991,146,349,-19,1698394443349
0,990,992,158,350,-19,1698394443350
0,991,993,170,351,-19,1698394443351
0,992,994,188,353,-19,1698394443353
0,993,995,200,354,-19,1698394443354
0,994,996,214,355,-19,1698394443355
0,995,997,228,401,-19,1698394443401
0,996,998,238,402,-19,1698394443402
0,997,999,300,436,-19,1698394443436
0,998,1000,315,447,-19,1698394443447
0,999,1001,333,500,-19,1698394443500
0,1000,1002,357,503,-19,1698394443503
0,1001,1003,376,505,-19,1698394443505
0,1002,1004,386,545,-19,1698394443545
0,1003,1005,404,563,-19,1698394443563
0,1004,1006,417,564,-19,1698394443564
0,1005,1007,427,567,-19,1698394443567
0,1006,1008,437,601,-19,1698394443601
0,1007,1009,450,602,-19,1698394443602
0,1008,1010,467,640,-19,1698394443640
0,1009,1011,476,641,-19,1698394443641
0,1010,1012,506,662,-19,1698394443662
0,1011,1013,517,664,-19,1698394443664
0,1012,1014,534,693,-19,1698394443693
0,1013,1015,547,779,-19,1698394443779
0,1014,1016,571,781,-19,1698394443781
0,1015,1017,584,823,-19,1698394443823
0,1016,1018,604,824,-19,1698394443824
0,1017,1019,618,862,-19,1698394443862
0,1018,1020,628,863,-19,1698394443863
0,1019,1021,643,864,-19,1698394443864
0,1020,1022,665,866,-19,1698394443866
0,1021,1023,695,905,-19,1698394443905
0,1022,1024,713,934,-19,1698394443934
0,1023,1025,750,972,-19,1698394443972
0,1024,1026,782,994,-19,1698394443994
0,1025,1027,826,49,-19,1698394444049
0,1026,1028,877,71,-19,1698394444071
0,1027,1029,917,222,-19,1698394444222
0,1028,1030,936,307,-19,1698394444307
0,1029,1031,973,308,-19,1698394444308
0,1030,1032,995,309,-19,1698394444309
0,1031,1033,19,391,-19,1698394444391
0,1032,1034,51,393,-19,1698394444393
0,1033,1035,73,394,-19,1698394444394
0,1034,1036,224,395,-19,1698394444395
0,1035,1037,265,411,-19,1698394444411
0,1036,1038,283,426,-19,1698394444426
0,1037,1039,320,463,-19,1698394444463
0,1038,1040,347,499,-19,1698394444499
0,1039,1041,363,500,-19,1698394444500
0,1040,1042,378,539,-19,1698394444539
0,1041,1043,397,540,-19,1698394444540
0,1042,1044,414,554,-19,1698394444554
0,1043,1045,427,599,-19,1698394444599
0,1044,1046,437,600,-19,1698394444600
0,1045,1047,454,602,-19,1698394444602
0,1046,1048,465,649,-19,1698394444649
0,1047,1049,474,653,-19,1698394444653
0,1048,1050,501,654,-19,1698394444654
0,1049,1051,511,668,-19,1698394444668
0,1050,1052,521,670,-19,1698394444670
0,1051,1053,542,671,-19,1698394444671
0,1052,1054,556,710,-19,1698394444710
0,1053,1055,566,711,-19,1698394444711
0,1054,1056,584,749,-19,1698394444749
0,1055,1057,604,751,-19,1698394444751
0,1056,1058,619,788,-19,1698394444788
0,1057,1059,630,790,-19,1698394444790
0,1058,1060,656,837,-19,1698394444837
0,1059,1061,672,839,-19,1698394444839
0,1060,1062,688,840,-19,1698394444840
0,1061,1063,700,893,-19,1698394444893
0,1062,1064,713,894,-19,1698394444894
0,1063,1065,724,895,-19,1698394444895
0,1064,1066,738,897,-19,1698394444897
0,1065,1067,752,911,-19,1698394444911
0,1066,1068,763,913,-19,1698394444913
0,1067,1069,779,924,-19,1698394444924
0,1068,1070,791,965,-19,1698394444965
0,1069,1071,803,966,-19,1698394444966
0,1070,1072,827,987,-19,1698394444987
0,1071,1073,842,988,-19,1698394444988
0,1072,1074,860,28,-19,1698394445028
0,1073,1075,872,29,-19,1698394445029
0,1074,1076,898,74,-19,1698394445074
0,1075,1077,914,76,-19,1698394445076
0,1076,1078,927,77,-19,1698394445077
0,1077,1079,942,196,-19,1698394445196
0,1078,1080,954,198,-19,1698394445198
0,1079,1081,970,199,-19,1698394445199
0,1080,1082,989,200,-19,1698394445200
0,1081,1083,0,217,-19,1698394445217
0,1082,1084,18,219,-19,1698394445219
0,1083,1085,31,283,-19,1698394445283
0,1084,1086,42,284,-19,1698394445284
0,1085,1087,61,320,-19,1698394445320
0,1086,1088,79,322,-19,1698394445322
0,1087,1089,162,396,-19,1698394445396
0,1088,1090,178,397,-19,1698394445397
0,1089,1091,202,399,-19,1698394445399
0,1090,1092,220,400,-19,1698394445400
0,1091,1093,229,434,-19,1698394445434
0,1092,1094,240,435,-19,1698394445435
0,1093,1095,260,463,-19,1698394445463
0,1094,1096,271,475,-19,1698394445475
0,1095,1097,287,476,-19,1698394445476
0,1096,1098,334,512,-19,1698394445512
0,1097,1099,357,514,-19,1698394445514
0,1098,1100,381,539,-19,1698394445539
0,1099,1101,401,582,-19,1698394445582
0,1100,1102,449,583,-19,1698394445583
0,1101,1103,464,630,-19,1698394445630
0,1102,1104,478,631,-19,1698394445631
0,1103,1105,492,633,-19,1698394445633
0,1104,1106,502,675,-19,1698394445675
0,1105,1107,515,676,-19,1698394445676
0,1106,1108,525,678,-19,1698394445678
0,1107,1109,541,679,-19,1698394445679
0,1108,1110,556,680,-19,1698394445680
0,1109,1111,565,718,-19,1698394445718
0,1110,1112,584,751,-19,1698394445751
0,1111,1113,602,752,-19,1698394445752
0,1112,1114,620,792,-19,1698394445792
0,1113,1115,634,794,-19,1698394445794
0,1114,1116,649,795,-19,1698394445795
0,1115,1117,661,836,-19,1698394445836
0,1116,1118,682,837,-19,1698394445837
0,1117,1119,699,839,-19,1698394445839
0,1118,1120,708,888,-19,1698394445888
0,1119,1121,720,891,-19,1698394445891
0,1120,1122,741,908,-19,1698394445908
0,1121,1123,753,921,-19,1698394445921
0,1122,1124,764,923,-19,1698394445923
0,1123,1125,782,924,-19,1698394445924
0,1124,1126,796,967,-19,1698394445967
0,1125,1127,815,970,-19,1698394445970
0,1126,1128,825,985,-19,1698394445985
0,1127,1129,840,986,-19,1698394445986
0,1128,1130,861,27,-19,1698394446027
0,1129,1131,874,28,-19,1698394446028
0,1130,1132,894,70,-19,1698394446070
0,1131,1133,910,72,-19,1698394446072
0,1132,1134,927,73,-19,1698394446073
0,1133,1135,944,188,-19,1698394446188
0,1134,1136,955,189,-19,1698394446189
0,1135,1137,974,191,-19,1698394446191
0,1136,1138,988,237,-19,1698394446237
0,1137,1139,1,239,-19,1698394446239
0,1138,1140,17,240,-19,1698394446240
0,1139,1141,30,241,-19,1698394446241
0,1140,1142,41,243,-19,1698394446243
0,1141,1143,56,353,-19,1698394446353
0,1142,1144,75,412,-19,1698394446412
0,1143,1145,95,413,-19,1698394446413
0,1144,1146,170,414,-19,1698394446414
0,1145,1147,192,416,-19,1698394446416
0,1146,1148,210,417,-19,1698394446417
0,1147,1149,222,419,-19,1698394446419
0,1148,1150,244,420,-19,1698394446420
0,1149,1151,255,421,-19,1698394446421
0,1150,1152,278,437,-19,1698394446437
0,1151,1153,293,475,-19,1698394446475
0,1152,1154,333,505,-19,1698394446505
0,1153,1155,359,507,-19,1698394446507
0,1154,1156,377,508,-19,1698394446508
0,1155,1157,395,550,-19,1698394446550
0,1156,1158,423,585,-19,1698394446585
0,1157,1159,438,586,-19,1698394446586
0,1158,1160,453,587,-19,1698394446587
0,1159,1161,467,632,-19,1698394446632
0,1160,1162,476,634,-19,1698394446634
0,1161,1163,496,635,-19,1698394446635
0,1162,1164,509,654,-19,1698394446654
0,1163,1165,524,655,-19,1698394446655
0,1164,1166,541,669,-19,1698394446669
0,1165,1167,551,709,-19,1698394446709
0,1166,1168,561,711,-19,1698394446711
0,1167,1169,589,778,-19,1698394446778
0,1168,1170,606,780,-19,1698394446780
0,1169,1171,620,781,-19,1698394446781
0,1170,1172,637,871,-19,1698394446871
0,1171,1173,657,910,-19,1698394446910
0,1172,1174,671,912,-19,1698394446912
0,1173,1175,684,913,-19,1698394446913
0,1174,1176,700,946,-19,1698394446946
0,1175,1177,712,953,-19,1698394446953
0,1176,1178,723,973,-19,1698394446973
0,1177,1179,750,975,-19,1698394446975
0,1178,1180,782,988,-19,1698394446988
0,1179,1181,817,0,-19,1698394447000
0,1180,1182,844,13,-19,1698394447013
0,1181,1183,873,42,-19,1698394447042
0,1182,1184,914,102,-19,1698394447102
0,1183,1185,954,104,-19,1698394447104
0,1184,1186,976,105,-19,1698394447105
0,1185,1187,990,220,-19,1698394447220
0,1186,1188,1,221,-19,1698394447221
0,1187,1189,14,238,-19,1698394447238
0,1188,1190,24,240,-19,1698394447240
0,1189,1191,34,241,-19,1698394447241
0,1190,1192,43,242,-19,1698394447242
0,1191,1193,63,384,-19,1698394447384
0,1192,1194,71,385,-19,1698394447385
0,1193,1195,81,387,-19,1698394447387
0,1194,1196,107,407,-19,1698394447407
0,1195,1197,182,409,-19,1698394447409
0,1196,1198,202,410,-19,1698394447410
0,1197,1199,222,411,-19,1698394447411
0,1198,1200,244,413,-19,1698394447413
0,1199,1201,255,414,-19,1698394447414
0,1200,1202,263,429,-19,1698394447429
0,1201,1203,270,431,-19,1698394447431
0,1202,1204,280,532,-19,1698394447532
0,1203,1205,329,543,-19,1698394447543
0,1204,1206,351,544,-19,1698394447544
0,1205,1207,365,559,-19,1698394447559
0,1206,1208,388,561,-19,1698394447561
0,1207,1209,415,580,-19,1698394447580
0,1208,1210,432,648,-19,1698394447648
0,1209,1211,443,651,-19,1698394447651
0,1210,1212,451,653,-19,1698394447653
0,1211,1213,458,655,-19,1698394447655
0,1212,1214,468,656,-19,1698394447656
0,1213,1215,476,657,-19,1698394447657
0,1214,1216,487,673,-19,1698394447673
0,1215,1217,495,675,-19,1698394447675
0,1216,1218,515,676,-19,1698394447676
0,1217,1219,534,677,-19,1698394447677
0,1218,1220,562,717,-19,1698394447717
0,1219,1221,584,745,-19,1698394447745
0,1220,1222,605,746,-19,1698394447746
0,1221,1223,619,786,-19,1698394447786
0,1222,1224,633,787,-19,1698394447787
0,1223,1225,659,830,-19,1698394447830
0,1224,1226,679,831,-19,1698394447831
0,1225,1227,698,833,-19,1698394447833
0,1226,1228,707,876,-19,1698394447876
0,1227,1229,718,878,-19,1698394447878
0,1228,1230,735,879,-19,1698394447879
0,1229,1231,748,922,-19,1698394447922
0,1230,1232,760,924,-19,1698394447924
0,1231,1233,776,925,-19,1698394447925
0,1232,1234,789,928,-19,1698394447928
0,1233,1235,800,947,-19,1698394447947
0,1234,1236,813,986,-19,1698394447986
0,1235,1237,834,987,-19,1698394447987
0,1236,1238,851,989,-19,1698394447989
0,1237,1239,866,40,-19,1698394448040
0,1238,1240,880,42,-19,1698394448042
0,1239,1241,897,265,-19,1698394448265
0,1240,1242,911,267,-19,1698394448267
0,1241,1243,932,305,-19,1698394448305
0,1242,1244,949,317,-19,1698394448317
0,1243,1245,961,318,-19,1698394448318
0,1244,1246,976,319,-19,1698394448319
0,1245,1247,990,321,-19,1698394448321
0,1246,1248,1,359,-19,1698394448359
0,1247,1249,16,389,-19,1698394448389
0,1248,1250,43,390,-19,1698394448390
0,1249,1251,82,447,-19,1698394448447
0,1250,1252,120,448,-19,1698394448448
0,1251,1253,269,452,-19,1698394448452
0,1252,1254,322,490,-19,1698394448490
0,1253,1255,360,503,-19,1698394448503
0,1254,1256,400,535,-19,1698394448535
0,1255,1257,420,570,-19,1698394448570
0,1256,1258,435,574,-19,1698394448574
0,1257,1259,453,578,-19,1698394448578
0,1258,1260,464,635,-19,1698394448635
0,1259,1261,478,637,-19,1698394448637
0,1260,1262,491,638,-19,1698394448638
0,1261,1263,504,639,-19,1698394448639
0,1262,1264,514,656,-19,1698394448656
0,1263,1265,522,658,-19,1698394448658
0,1264,1266,539,669,-19,1698394448669
0,1265,1267,553,704,-19,1698394448704
0,1266,1268,582,730,-19,1698394448730
0,1267,1269,605,733,-19,1698394448733
0,1268,1270,617,763,-19,1698394448763
0,1269,1271,641,764,-19,1698394448764
0,1270,1272,659,813,-19,1698394448813
0,1271,1273,671,827,-19,1698394448827
0,1272,1274,681,829,-19,1698394448829
0,1273,1275,695,830,-19,1698394448830
0,1274,1276,705,871,-19,1698394448871
0,1275,1277,714,872,-19,1698394448872
0,1276,1278,736,873,-19,1698394448873
0,1277,1279,751,875,-19,1698394448875
0,1278,1280,767,921,-19,1698394448921
0,1279,1281,788,922,-19,1698394448922
0,1280,1282,797,0,-19,1698394449000
0,1281,1283,831,32,-19,1698394449032
0,1282,1284,842,33,-19,1698394449033
0,1283,1285,858,72,-19,1698394449072
0,1284,1286,876,112,-19,1698394449112
0,1285,1287,891,149,-19,1698394449149
0,1286,1288,900,151,-19,1698394449151
0,1287,1289,924,272,-19,1698394449272
0,1288,1290,951,315,-19,1698394449315
0,1289,1291,989,326,-19,1698394449326
0,1290,1292,1,328,-19,1698394449328
0,1291,1293,35,369,-19,1698394449369
0,1292,1294,74,391,-19,1698394449391
0,1293,1295,113,460,-19,1698394449460
0,1294,1296,152,462,-19,1698394449462
0,1295,1297,274,499,-19,1698394449499
0,1296,1298,329,500,-19,1698394449500
0,1297,1299,370,530,-19,1698394449530
0,1298,1300,392,564,-19,1698394449564
0,1299,1301,423,565,-19,1698394449565
0,1300,1302,440,567,-19,1698394449567
0,1301,1303,463,622,-19,1698394449622
0,1302,1304,475,640,-19,1698394449640
0,1303,1305,485,641,-19,1698394449641
0,1304,1306,501,642,-19,1698394449642
0,1305,1307,512,661,-19,1698394449661
0,1306,1308,520,662,-19,1698394449662
0,1307,1309,534,674,-19,1698394449674
0,1308,1310,551,707,-19,1698394449707
0,1309,1311,569,709,-19,1698394449709
0,1310,1312,591,734,-19,1698394449734
0,1311,1313,607,769,-19,1698394449769
0,1312,1314,623,773,-19,1698394449773
0,1313,1315,644,776,-19,1698394449776
0,1314,1316,664,822,-19,1698394449822
0,1315,1317,675,823,-19,1698394449823
0,1316,1318,690,825,-19,1698394449825
0,1317,1319,699,826,-19,1698394449826
0,1318,1320,710,838,-19,1698394449838
0,1319,1321,724,866,-19,1698394449866
0,1320,1322,747,899,-19,1698394449899
0,1321,1323,755,901,-19,1698394449901
0,1322,1324,780,902,-19,1698394449902
0,1323,1325,797,903,-19,1698394449903
0,1324,1326,827,937,-19,1698394449937
0,1325,1327,839,961,-19,1698394449961
0,1326,1328,856,1,-19,1698394450001
0,1327,1329,868,3,-19,1698394450003
0,1328,1330,880,4,-19,1698394450004
0,1329,1331,905,66,-19,1698394450066
0,1330,1332,915,68,-19,1698394450068
0,1331,1333,924,69,-19,1698394450069
0,1332,1334,938,70,-19,1698394450070
0,1333,1335,947,82,-19,1698394450082
0,1334,1336,963,123,-19,1698394450123
0,1335,1337,978,125,-19,1698394450125
0,1336,1338,988,143,-19,1698394450143
0,1337,1339,5,217,-19,1698394450217
0,1338,1340,29,218,-19,1698394450218
0,1339,1341,38,275,-19,1698394450275
0,1340,1342,52,276,-19,1698394450276
0,1341,1343,72,278,-19,1698394450278
0,1342,1344,83,279,-19,1698394450279
0,1343,1345,100,316,-19,1698394450316
0,1344,1346,110,317,-19,1698394450317
0,1345,1347,128,352,-19,1698394450352
0,1346,1348,144,395,-19,1698394450395
0,1347,1349,220,396,-19,1698394450396
0,1348,1350,241,397,-19,1698394450397
0,1349,1351,261,399,-19,1698394450399
0,1350,1352,281,400,-19,1698394450400
0,1351,1353,296,481,-19,1698394450481
0,1352,1354,306,501,-19,1698394450501
0,1353,1355,319,502,-19,1698394450502
0,1354,1356,332,517,-19,1698394450517
0,1355,1357,353,518,-19,1698394450518
0,1356,1358,365,533,-19,1698394450533
0,1357,1359,382,544,-19,1698394450544
0,1358,1360,401,585,-19,1698394450585
0,1359,1361,442,625,-19,1698394450625
0,1360,1362,467,627,-19,1698394450627
0,1361,1363,482,628,-19,1698394450628
0,1362,1364,504,657,-19,1698394450657
0,1363,1365,520,658,-19,1698394450658
0,1364,1366,534,659,-19,1698394450659
0,1365,1367,546,674,-19,1698394450674
0,1366,1368,557,708,-19,1698394450708
0,1367,1369,573,710,-19,1698394450710
0,1368,1370,586,747,-19,1698394450747
0,1369,1371,602,749,-19,1698394450749
0,1370,1372,629,789,-19,1698394450789
0,1371,1373,641,791,-19,1698394450791
0,1372,1374,661,792,-19,1698394450792
0,1373,1375,675,826,-19,1698394450826
0,1374,1376,687,828,-19,1698394450828
0,1375,1377,699,829,-19,1698394450829
0,1376,1378,711,872,-19,1698394450872
0,1377,1379,731,909,-19,1698394450909
0,1378,1380,750,911,-19,1698394450911
0,1379,1381,761,912,-19,1698394450912
0,1380,1382,777,913,-19,1698394450913
0,1381,1383,793,915,-19,1698394450915
0,1382,1384,804,953,-19,1698394450953
0,1383,1385,816,954,-19,1698394450954
0,1384,1386,830,994,-19,1698394450994
0,1385,1387,841,995,-19,1698394450995
0,1386,1388,860,32,-19,1698394451032
0,1387,1389,873,34,-19,1698394451034
0,1388,1390,884,35,-19,1698394451035
0,1389,1391,916,78,-19,1698394451078
0,1390,1392,933,79,-19,1698394451079
0,1391,1393,943,133,-19,1698394451133
0,1392,1394,955,134,-19,1698394451134
0,1393,1395,968,136,-19,1698394451136
0,1394,1396,983,137,-19,1698394451137
0,1395,1397,997,151,-19,1698394451151
0,1396,1398,8,152,-19,1698394451152
0,1397,1399,22,225,-19,1698394451225
0,1398,1400,37,283,-19,1698394451283
0,1399,1401,51,286,-19,1698394451286
0,1400,1402,69,288,-19,1698394451288
0,1401,1403,81,291,-19,1698394451291
0,1402,1404,101,731,-19,1698394451731
0,1403,1405,113,732,-19,1698394451732
0,1404,1406,139,782,-19,1698394451782
0,1405,1407,154,783,-19,1698394451783
0,1406,1408,236,954,-19,1698394451954
0,1407,1409,257,955,-19,1698394451955
0,1408,1410,269,963,-19,1698394451963
0,1409,1411,294,965,-19,1698394451965
0,1410,1412,311,966,-19,1698394451966
0,1411,1413,330,13,-19,1698394452013
0,1412,1414,734,37,-19,1698394452037
0,1413,1415,785,105,-19,1698394452105
0,1414,1416,846,106,-19,1698394452106
0,1415,1417,919,119,-19,1698394452119
0,1416,1418,972,151,-19,1698394452151
0,1417,1419,15,152,-19,1698394452152
t,s,l,time,newtime,rssi,now
0,0,1427,73,354,-21,1698397202354
0,1,1428,75,368,-21,1698397202368
0,2,1429,77,370,-21,1698397202370
0,3,1430,79,390,-21,1698397202390
0,4,1431,81,393,-21,1698397202393
0,5,1432,82,397,-21,1698397202397
0,6,1433,84,415,-21,1698397202415
0,7,1434,86,417,-21,1698397202417
0,8,1435,88,418,-21,1698397202418
0,9,1436,89,433,-21,1698397202433
0,10,1437,91,457,-21,1698397202457
0,11,1438,93,458,-21,1698397202458
0,12,1439,95,460,-21,1698397202460
0,13,1440,96,461,-21,1698397202461
0,14,1441,98,462,-21,1698397202462
0,15,1442,100,621,-21,1698397202621
0,16,1443,102,622,-21,1698397202622
0,17,1444,103,624,-21,1698397202624
0,18,1445,105,625,-21,1698397202625
0,19,1446,107,627,-21,1698397202627
0,20,1447,109,628,-21,1698397202628
0,21,1448,110,629,-21,1698397202629
0,22,1449,112,631,-21,1698397202631
0,23,1450,114,632,-21,1698397202632
0,24,1451,115,634,-21,1698397202634
0,25,1452,117,635,-21,1698397202635
0,26,1453,119,636,-21,1698397202636
0,27,1454,121,638,-21,1698397202638
0,28,1455,123,639,-21,1698397202639
0,29,1456,124,641,-21,1698397202641
0,30,1457,85,345,-22,1698400802345
0,31,1458,87,374,-22,1698400802374
0,32,1459,89,375,-22,1698400802375
0,33,1460,90,384,-22,1698400802384
0,34,1461,92,386,-22,1698400802386
0,35,1462,93,397,-22,1698400802397
0,36,1463,95,398,-22,1698400802398
0,37,1464,97,479,-22,1698400802479
0,38,1465,98,498,-22,1698400802498
0,39,1466,100,533,-22,1698400802533
0,40,1467,102,661,-22,1698400802661
0,41,1468,103,662,-22,1698400802662
0,42,1469,105,700,-22,1698400802700
0,43,1470,107,701,-22,1698400802701
0,44,1471,109,702,-22,1698400802702
0,45,1472,110,704,-22,1698400802704
0,46,1473,112,763,-22,1698400802763
0,47,1474,113,764,-22,1698400802764
0,48,1475,115,766,-22,1698400802766
0,49,1476,117,777,-22,1698400802777
0,50,1477,119,779,-22,1698400802779
0,51,1478,120,780,-22,1698400802780
0,52,1479,122,849,-22,1698400802849
0,53,1480,124,851,-22,1698400802851
0,54,1481,125,852,-22,1698400802852
0,55,1482,127,853,-22,1698400802853
0,56,1483,129,855,-22,1698400802855
0,57,1484,130,856,-22,1698400802856
0,58,1485,132,858,-22,1698400802858
0,59,1486,133,859,-22,1698400802859
0,60,1487,90,232,-22,1698404402232
0,61,1488,92,446,-22,1698404402446
0,62,1489,94,573,-22,1698404402573
0,63,1490,95,631,-22,1698404402631
0,64,1491,97,658,-22,1698404402658
0,65,1492,99,660,-22,1698404402660
0,66,1493,100,661,-22,1698404402661
0,67,1494,102,682,-22,1698404402682
0,68,1495,104,683,-22,1698404402683
0,69,1496,105,705,-22,1698404402705
0,70,1497,107,706,-22,1698404402706
0,71,1498,109,707,-22,1698404402707
0,72,1499,111,709,-22,1698404402709
0,73,1500,112,710,-22,1698404402710
0,74,1501,114,711,-22,1698404402711
0,75,1502,116,713,-22,1698404402713
0,76,1503,117,714,-22,1698404402714
0,77,1504,119,715,-22,1698404402715
0,78,1505,121,738,-22,1698404402738
0,79,1506,122,740,-22,1698404402740
0,80,1507,124,741,-22,1698404402741
0,81,1508,126,742,-22,1698404402742
0,82,1509,127,744,-22,1698404402744
0,83,1510,129,745,-22,1698404402745
0,84,1511,131,849,-22,1698404402849
0,85,1512,132,863,-22,1698404402863
0,86,1513,134,864,-22,1698404402864
0,87,1514,135,872,-22,1698404402872
0,88,1515,137,874,-22,1698404402874
0,89,1516,139,880,-22,1698404402880
0,90,1517,92,250,-20,1698408002250
0,91,1518,93,336,-20,1698408002336
0,92,1519,95,356,-20,1698408002356
0,93,1520,97,357,-20,1698408002357
0,94,1521,99,365,-20,1698408002365
0,95,1522,100,371,-20,1698408002371
0,96,1523,102,373,-20,1698408002373
0,97,1524,103,470,-20,1698408002470
0,98,1525,105,492,-20,1698408002492
0,99,1526,107,509,-20,1698408002509
0,100,1527,109,510,-20,1698408002510
0,101,1528,110,538,-20,1698408002538
0,102,1529,112,541,-20,1698408002541
0,103,1530,113,545,-20,1698408002545
0,104,1531,115,564,-20,1698408002564
0,105,1532,117,565,-20,1698408002565
0,106,1533,119,566,-20,1698408002566
0,107,1534,120,568,-20,1698408002568
0,108,1535,122,593,-20,1698408002593
0,109,1536,124,594,-20,1698408002594
0,110,1537,125,595,-20,1698408002595
0,111,1538,127,597,-20,1698408002597
0,112,1539,129,673,-20,1698408002673
0,113,1540,130,674,-20,1698408002674
0,114,1541,132,695,-20,1698408002695
0,115,1542,134,697,-20,1698408002697
0,116,1543,135,698,-20,1698408002698
0,117,1544,137,699,-20,1698408002699
0,118,1545,139,701,-20,1698408002701
0,119,1546,140,702,-20,1698408002702
0,120,1547,84,391,-22,1698411602391
0,121,1548,86,401,-22,1698411602401
0,122,1549,88,506,-22,1698411602506
0,123,1550,90,529,-22,1698411602529
0,124,1551,91,548,-22,1698411602548
0,125,1552,93,549,-22,1698411602549
0,126,1553,95,570,-22,1698411602570
0,127,1554,96,572,-22,1698411602572
0,128,1555,98,573,-22,1698411602573
0,129,1556,100,588,-22,1698411602588
0,130,1557,101,589,-22,1698411602589
0,131,1558,103,591,-22,1698411602591
0,132,1559,105,592,-22,1698411602592
0,133,1560,106,605,-22,1698411602605
0,134,1561,108,606,-22,1698411602606
0,135,1562,110,607,-22,1698411602607
0,136,1563,111,609,-22,1698411602609
0,137,1564,113,690,-22,1698411602690
0,138,1565,115,769,-22,1698411602769
0,139,1566,116,789,-22,1698411602789
0,140,1567,118,790,-22,1698411602790
0,141,1568,120,807,-22,1698411602807
0,142,1569,121,808,-22,1698411602808
0,143,1570,123,823,-22,1698411602823
0,144,1571,125,824,-22,1698411602824
0,145,1572,126,825,-22,1698411602825
0,146,1573,128,832,-22,1698411602832
0,147,1574,130,833,-22,1698411602833
0,148,1575,131,835,-22,1698411602835
0,149,1576,133,836,-22,1698411602836
0,150,1577,85,341,-20,1698415202341
0,151,1578,87,392,-20,1698415202392
0,152,1579,89,404,-20,1698415202404
0,153,1580,90,413,-20,1698415202413
0,154,1581,92,426,-20,1698415202426
0,155,1582,94,434,-20,1698415202434
0,156,1583,95,435,-20,1698415202435
0,157,1584,97,515,-20,1698415202515
0,158,1585,99,532,-20,1698415202532
0,159,1586,100,552,-20,1698415202552
0,160,1587,102,567,-20,1698415202567
0,161,1588,104,568,-20,1698415202568
0,162,1589,105,583,-20,1698415202583
0,163,1590,107,585,-20,1698415202585
0,164,1591,109,586,-20,1698415202586
0,165,1592,110,588,-20,1698415202588
0,166,1593,112,602,-20,1698415202602
0,167,1594,114,604,-20,1698415202604
0,168,1595,115,605,-20,1698415202605
0,169,1596,117,606,-20,1698415202606
0,170,1597,119,608,-20,1698415202608
0,171,1598,120,619,-20,1698415202619
0,172,1599,122,749,-20,1698415202749
0,173,1600,124,750,-20,1698415202750
0,174,1601,125,751,-20,1698415202751
0,175,1602,127,753,-20,1698415202753
0,176,1603,129,754,-20,1698415202754
0,177,1604,131,755,-20,1698415202755
0,178,1605,132,769,-20,1698415202769
0,179,1606,134,770,-20,1698415202770
0,180,1607,89,351,-20,1698418802351
0,181,1608,91,377,-20,1698418802377
0,182,1609,93,384,-20,1698418802384
0,183,1610,95,393,-20,1698418802393
0,184,1611,96,394,-20,1698418802394
0,185,1612,98,405,-20,1698418802405
0,186,1613,100,412,-20,1698418802412
0,187,1614,101,413,-20,1698418802413
0,188,1615,103,516,-20,1698418802516
0,189,1616,105,535,-20,1698418802535
0,190,1617,106,537,-20,1698418802537
0,191,1618,108,538,-20,1698418802538
0,192,1619,110,558,-20,1698418802558
0,193,1620,111,559,-20,1698418802559
0,194,1621,113,561,-20,1698418802561
0,195,1622,115,577,-20,1698418802577
0,196,1623,116,579,-20,1698418802579
0,197,1624,118,580,-20,1698418802580
0,198,1625,120,581,-20,1698418802581
0,199,1626,121,594,-20,1698418802594
0,200,1627,123,595,-20,1698418802595
0,201,1628,125,597,-20,1698418802597
0,202,1629,126,598,-20,1698418802598
0,203,1630,128,822,-20,1698418802822
0,204,1631,130,829,-20,1698418802829
0,205,1632,131,844,-20,1698418802844
0,206,1633,133,853,-20,1698418802853
0,207,1634,135,854,-20,1698418802854
0,208,1635,136,856,-20,1698418802856
0,209,1636,138,865,-20,1698418802865
0,210,1637,87,344,-21,1698422402344
0,211,1638,89,367,-21,1698422402367
0,212,1639,90,375,-21,1698422402375
0,213,1640,92,376,-21,1698422402376
0,214,1641,94,391,-21,1698422402391
0,215,1642,95,398,-21,1698422402398
0,216,1643,97,400,-21,1698422402400
0,217,1644,99,482,-21,1698422402482
0,218,1645,100,499,-21,1698422402499
0,219,1646,102,520,-21,1698422402520
0,220,1647,104,534,-21,1698422402534
0,221,1648,105,536,-21,1698422402536
0,222,1649,107,551,-21,1698422402551
0,223,1650,109,552,-21,1698422402552
0,224,1651,111,554,-21,1698422402554
0,225,1652,112,555,-21,1698422402555
0,226,1653,114,594,-21,1698422402594
0,227,1654,115,598,-21,1698422402598
0,228,1655,117,605,-21,1698422402605
0,229,1656,119,613,-21,1698422402613
0,230,1657,127,622,-21,1698422402622
0,231,1658,129,644,-21,1698422402644
0,232,1659,130,715,-21,1698422402715
0,233,1660,132,716,-21,1698422402716
0,234,1661,134,718,-21,1698422402718
0,235,1662,135,719,-21,1698422402719
0,236,1663,137,720,-21,1698422402720
0,237,1664,139,722,-21,1698422402722
0,238,1665,140,723,-21,1698422402723
0,239,1666,142,724,-21,1698422402724
0,240,1667,174,329,-21,1698426002329
0,241,1668,176,545,-21,1698426002545
0,242,1669,178,609,-21,1698426002609
0,243,1670,179,620,-21,1698426002620
0,244,1671,181,629,-21,1698426002629
0,245,1672,183,639,-21,1698426002639
0,246,1673,184,640,-21,1698426002640
0,247,1674,186,649,-21,1698426002649
0,248,1675,188,650,-21,1698426002650
0,249,1676,189,652,-21,1698426002652
0,250,1677,191,712,-21,1698426002712
0,251,1678,193,729,-21,1698426002729
0,252,1679,194,753,-21,1698426002753
0,253,1680,196,767,-21,1698426002767
0,254,1681,198,768,-21,1698426002768
0,255,1682,199,783,-21,1698426002783
0,256,1683,201,784,-21,1698426002784
0,257,1684,203,785,-21,1698426002785
0,258,1685,204,787,-21,1698426002787
0,259,1686,206,801,-21,1698426002801
0,260,1687,208,802,-21,1698426002802
0,261,1688,209,804,-21,1698426002804
0,262,1689,211,805,-21,1698426002805
0,263,1690,213,806,-21,1698426002806
0,264,1691,214,808,-21,1698426002808
0,265,1692,216,948,-21,1698426002948
0,266,1693,218,955,-21,1698426002955
0,267,1694,219,963,-21,1698426002963
0,268,1695,221,975,-21,1698426002975
0,269,1696,223,976,-21,1698426002976
t,s,l,time,newtime,rssi,now
0,0,1697,102,312,-17,1698429602312
0,1,1698,105,452,-17,1698429602452
0,2,1699,107,612,-17,1698429602612
0,3,1700,108,614,-17,1698429602614
0,4,1701,110,615,-17,1698429602615
0,5,1702,112,617,-17,1698429602617
0,6,1703,114,636,-17,1698429602636
0,7,1704,116,637,-17,1698429602637
0,8,1705,118,639,-17,1698429602639
0,9,1706,120,640,-17,1698429602640
0,10,1707,122,666,-17,1698429602666
0,11,1708,123,667,-17,1698429602667
0,12,1709,125,669,-17,1698429602669
0,13,1710,127,670,-17,1698429602670
0,14,1711,129,671,-17,1698429602671
0,15,1712,131,673,-17,1698429602673
0,16,1713,133,685,-17,1698429602685
0,17,1714,135,761,-17,1698429602761
0,18,1715,137,783,-17,1698429602783
0,19,1716,138,808,-17,1698429602808
0,20,1717,140,809,-17,1698429602809
0,21,1718,142,825,-17,1698429602825
0,22,1719,144,827,-17,1698429602827
0,23,1720,146,828,-17,1698429602828
0,24,1721,148,843,-17,1698429602843
0,25,1722,150,845,-17,1698429602845
0,26,1723,152,846,-17,1698429602846
0,27,1724,154,848,-17,1698429602848
0,28,1725,156,849,-17,1698429602849
0,29,1726,158,860,-17,1698429602860
