t,s,l,time,newtime,rssi
0,67,0,212,278,-69

0,69,2,312,718,-68

0,70,3,362,726,-68

0,71,4,412,728,-68

0,72,5,463,737,-68

0,73,6,512,739,-68

0,74,7,563,740,-68

0,75,8,614,751,-68

0,76,9,664,752,-68

0,77,10,721,790,-68

0,78,11,765,828,-68

0,79,12,814,875,-68

0,80,13,867,910,-68

0,81,14,916,93,-68

0,82,15,966,97,-68

0,83,16,16,105,-68

0,84,17,66,120,-68

0,85,18,117,303,-68

0,86,19,166,309,-68

0,87,20,216,315,-68

0,88,21,266,328,-69

0,89,22,322,387,-69

0,90,23,368,431,-68

0,91,24,421,471,-68

0,92,25,468,509,-68

0,93,26,518,547,-68

0,94,27,569,630,-68

0,95,28,618,671,-68

0,96,29,669,708,-68

0,97,30,719,747,-68

0,98,31,769,830,-68

0,99,32,820,873,-68

0,100,33,870,912,-68

0,101,34,919,948,-68

0,102,35,970,32,-68

0,103,36,23,68,-68

0,104,37,73,108,-68

0,105,38,121,148,-68

0,106,39,172,232,-68

0,107,40,224,268,-68

0,108,41,274,309,-68

0,109,42,323,393,-68

0,110,43,373,435,-68

0,111,44,426,469,-68

0,112,45,476,511,-68

0,113,46,526,591,-68

0,114,47,577,658,-68

0,115,48,638,709,-68

0,116,49,686,752,-68

0,117,50,736,804,-68

0,118,51,801,868,-69

0,119,52,852,914,-69

0,120,53,906,952,-68

0,121,54,957,988,-68

0,122,55,5,68,-68

0,123,56,56,110,-68

0,124,57,107,147,-68

0,125,58,156,187,-68

0,126,59,207,269,-68

0,127,60,258,312,-68

0,128,61,309,348,-68

0,129,62,358,389,-68

0,130,63,409,471,-68

0,131,64,459,508,-68

0,132,65,512,550,-68

0,133,66,560,590,-68

0,134,67,611,673,-68

0,135,68,664,708,-68

0,136,69,712,750,-68

0,137,70,762,792,-68

0,138,71,812,873,-69

0,139,72,865,907,-69

0,140,73,913,949,-69

0,141,74,963,26,-68

0,142,75,13,74,-68

0,143,76,65,108,-68

0,144,77,114,147,-68

0,145,78,163,227,-68

0,146,79,213,275,-68

0,147,80,266,309,-68

0,148,81,316,349,-68

0,149,82,366,429,-68

0,150,83,416,476,-68

0,151,84,467,509,-69

0,152,85,516,548,-69

0,153,86,566,630,-68

0,154,87,616,672,-68

0,155,88,669,708,-68

0,156,89,719,748,-68

0,157,90,768,830,-69

0,158,91,818,872,-69

0,159,92,869,908,-68

0,160,93,919,947,-68

0,161,94,968,31,-68

0,162,95,19,73,-68

0,163,96,70,108,-68

0,164,97,119,148,-68

0,165,98,170,235,-68

0,166,99,223,268,-68

0,167,100,273,311,-68

0,168,101,322,348,-68

0,169,102,372,432,-68

0,170,103,424,467,-68

0,171,104,473,510,-68

0,172,105,522,549,-68

0,173,106,572,633,-68

0,174,107,625,670,-68

0,175,108,675,707,-68

0,176,109,723,791,-68

0,177,110,773,833,-68

0,178,111,825,867,-68

0,179,112,874,907,-68

0,180,113,924,991,-68

0,181,114,975,33,-68

0,182,115,25,70,-68

0,183,116,79,110,-68

0,184,117,125,190,-68

0,185,118,175,233,-69

0,186,119,226,268,-69

0,187,120,275,308,-69

0,188,121,326,391,-68

0,189,122,377,432,-68

0,190,123,429,469,-68

0,191,124,478,509,-68

0,192,125,528,591,-68

0,193,126,580,635,-69

0,194,127,632,668,-69

0,195,128,678,710,-69

0,196,129,728,791,-68

0,197,130,778,834,-68

0,198,131,831,870,-68

0,199,132,881,910,-68

0,200,133,932,993,-68

0,201,134,985,30,-68

0,202,135,35,69,-68

0,203,136,83,147,-68

0,204,137,133,193,-68

0,205,138,185,228,-68

0,206,139,234,268,-69

0,207,140,285,348,-69

0,208,141,335,390,-69

0,209,142,387,430,-69

0,210,143,437,468,-68

0,211,144,488,550,-69

0,212,145,538,591,-69

0,213,146,589,632,-69

0,214,147,638,668,-68

0,215,148,689,753,-68

0,216,149,739,792,-68

0,217,150,790,830,-68

0,218,151,840,870,-68

0,219,152,889,952,-68

0,220,153,940,990,-68

0,221,154,991,30,-68

0,222,155,40,69,-68

0,223,156,91,152,-68

0,224,157,143,189,-67

0,225,158,193,232,-67

0,226,159,242,270,-68

0,227,160,292,355,-68

0,228,161,343,389,-67

0,229,162,394,429,-67

0,230,163,443,510,-67

0,231,164,493,555,-67

0,232,165,545,589,-67

0,233,166,595,630,-67

0,234,167,645,713,-68

0,235,168,699,757,-68

0,236,169,747,790,-68

0,237,170,796,830,-68

0,238,171,846,909,-67

0,239,172,896,954,-67

0,240,173,948,989,-68

0,241,174,996,30,-68

0,242,175,46,110,-67

0,243,176,96,153,-67

0,244,177,147,189,-68

0,245,178,198,229,-68

0,246,179,248,311,-67

0,247,180,299,351,-67

0,248,181,350,391,-68

0,249,182,399,430,-68

0,250,183,449,512,-68

0,251,184,499,551,-68

0,252,185,549,591,-68

0,253,186,599,629,-68

0,254,187,650,712,-68

0,255,188,704,749,-68

0,256,189,754,789,-68

0,257,190,802,828,-67

0,258,191,852,912,-67

0,259,192,904,946,-67

0,260,193,954,990,-67

0,261,194,4,67,-67

0,262,195,54,110,-66

0,263,196,107,147,-66

0,264,197,156,188,-66

0,265,198,206,525,-66

0,266,199,257,533,-66

0,267,200,308,543,-66

0,268,201,359,550,-67

0,269,202,410,552,-67

0,270,203,460,553,-67

0,271,204,520,590,-67

0,272,205,566,628,-67

0,273,206,615,670,-67

0,274,207,666,708,-67

0,275,208,716,748,-67

0,276,209,766,829,-67

0,277,210,816,870,-67

0,278,211,867,910,-67

0,279,212,917,947,-67

0,280,213,968,29,-67

0,281,214,20,70,-67

0,282,215,68,108,-67

0,283,216,118,148,-67

0,284,217,169,231,-67

0,285,218,219,266,-67

0,286,219,271,308,-67

0,287,220,319,348,-67

0,288,221,369,433,-67

0,289,222,422,467,-67

0,290,223,472,508,-67

0,291,224,520,547,-67

0,292,225,570,632,-67

0,293,226,624,667,-67

0,294,227,672,708,-67

0,295,228,721,746,-67

0,296,229,772,833,-67

0,297,230,824,871,-67

0,298,231,876,908,-67

0,299,232,924,988,-67

0,300,233,974,32,-67

0,301,234,26,68,-67

0,302,235,74,108,-67

0,303,236,124,187,-67

0,304,237,175,230,-67

0,305,238,227,268,-67

0,306,239,276,308,-67

0,307,240,326,389,-67

0,308,241,376,431,-67

0,309,242,428,469,-67

0,310,243,478,507,-67

0,311,244,529,592,-67

0,312,245,582,628,-67

0,313,246,632,669,-67

0,314,247,680,708,-67

0,315,248,731,794,-68

0,316,249,785,828,-68

0,317,250,839,870,-67

0,318,251,885,948,-67

0,319,252,936,989,-67

0,320,253,986,28,-67

0,321,254,35,70,-67

0,322,255,85,149,-67

0,323,256,135,190,-67

0,324,257,187,226,-67

0,325,258,237,268,-67

0,326,259,288,351,-67

0,327,260,340,391,-67

0,328,261,393,427,-67

0,329,262,442,468,-67

0,330,263,492,553,-67

0,331,264,545,588,-67

0,332,265,594,628,-67

0,333,266,644,710,-67

0,334,267,694,756,-67

0,335,268,747,793,-67

0,336,269,799,829,-67

0,337,270,847,910,-67

0,338,271,898,952,-67

0,339,272,949,988,-67

0,340,273,998,29,-67

0,341,274,48,111,-67

0,342,275,99,148,-67

0,343,276,152,188,-67

0,344,277,200,228,-67

0,345,278,250,313,-67

0,346,279,303,348,-67

0,347,280,352,389,-67

0,348,281,401,429,-67

0,349,282,451,513,-67

0,350,283,504,547,-67

0,351,284,553,587,-67

0,352,285,602,627,-67

0,353,286,653,715,-67

0,354,287,706,746,-67

0,355,288,753,786,-67

0,356,289,803,827,-67

0,357,290,853,912,-67

0,358,291,904,946,-67

0,359,292,954,989,-67

0,360,293,4,66,-67

0,361,294,54,114,-67

0,362,295,106,146,-67

0,363,296,155,186,-67

0,364,297,206,268,-67

0,365,298,256,314,-67

0,366,299,308,348,-67

0,367,300,358,388,-67

0,368,301,408,470,-67

0,369,302,458,511,-67

0,370,303,508,548,-67

0,371,304,558,589,-67

0,372,305,607,670,-67

0,373,306,658,711,-67

0,374,307,708,750,-67

0,375,308,757,788,-67

0,376,309,808,873,-67

0,377,310,859,906,-67

0,378,311,910,946,-67

0,379,312,959,986,-67

0,380,313,9,71,-67

0,381,314,62,113,-67

0,382,315,110,150,-67

0,383,316,160,189,-67

0,384,317,211,274,-67

0,385,318,265,308,-67

0,386,319,315,351,-67

0,387,320,364,430,-67

0,388,321,415,474,-67

0,389,322,468,509,-67

0,390,323,517,549,-67

0,391,324,567,628,-67

0,392,325,616,668,-67

0,393,326,667,706,-67

0,394,327,716,747,-67

0,395,328,767,829,-67

0,396,329,817,871,-67

0,397,330,868,908,-67

0,398,331,918,950,-67

0,399,332,967,30,-67

0,400,333,18,72,-67

0,401,334,69,109,-67

0,402,335,118,148,-67

0,403,336,169,231,-67

0,404,337,219,274,-67

0,405,338,271,307,-67

0,406,339,320,347,-67

0,407,340,371,432,-67

0,408,341,423,466,-67

0,409,342,475,506,-67

0,410,343,524,587,-67

0,411,344,574,632,-67

0,412,345,626,669,-67

0,413,346,675,708,-67

0,414,347,725,789,-67

0,415,348,775,832,-67

0,416,349,826,869,-67

0,417,350,876,909,-67

0,418,351,926,992,-67

0,419,352,976,32,-67

0,420,353,29,66,-67

0,421,354,79,108,-67

0,422,355,129,192,-67

0,423,356,182,227,-67

0,424,357,232,269,-67

0,425,358,280,307,-67

0,426,359,330,391,-67

0,427,360,383,426,-67

0,428,361,433,466,-67

0,429,362,482,547,-67

0,430,363,532,592,-67

0,431,364,584,627,-67

0,432,365,632,666,-67

0,433,366,683,709,-67

0,434,367,733,803,-67

0,435,368,786,827,-67

0,436,369,839,921,-67

0,437,370,889,960,-67

0,438,371,942,999,-67

0,439,372,996,70,-67

0,440,373,46,114,-67

0,441,374,97,154,-67

0,442,375,151,228,-67

0,444,376,251,312,-67

0,445,377,304,348,-67

0,446,378,353,391,-67

0,447,379,402,428,-67

0,448,380,453,514,-67

0,449,381,506,547,-66

0,450,382,554,587,-66

0,451,383,604,668,-67

0,452,384,654,712,-67

0,453,385,706,749,-67

0,454,386,754,787,-67

0,455,387,805,868,-67

0,456,388,856,913,-67

0,457,389,907,948,-67

0,458,390,955,988,-67

0,459,391,6,69,-67

0,460,392,56,109,-67

0,461,393,107,147,-67

0,462,394,157,188,-67

0,463,395,207,272,-67

0,464,396,257,309,-67

0,465,397,308,348,-67

0,466,398,357,389,-67

0,467,399,407,471,-67

0,468,400,459,511,-67

0,469,401,508,550,-67

0,470,402,560,587,-67

0,471,403,608,670,-67

0,472,404,660,707,-67

0,473,405,711,747,-67

0,474,406,761,788,-66

0,475,407,811,878,-65

0,476,408,863,913,-65

0,477,409,911,987,-67

0,479,410,11,72,-66

0,480,411,64,106,-66

0,481,412,112,148,-66

0,482,413,162,186,-67

0,483,414,212,271,-67

0,484,415,263,306,-67

0,485,416,313,349,-67

0,486,417,363,386,-70

0,487,418,414,472,-70

0,488,419,466,507,-71

0,489,420,515,546,-71

0,490,421,565,629,-72

0,491,422,616,671,-72

0,492,423,667,711,-74

0,493,424,717,748,-74

0,494,425,766,830,-77

0,495,426,817,871,-77

0,496,427,868,911,-76

0,497,428,917,949,-76

0,498,429,967,30,-74

0,499,430,17,72,-74

0,500,431,69,107,-74

0,501,432,117,147,-74

0,502,433,167,229,-76

0,503,434,217,267,-76

0,504,435,269,307,-76

0,505,436,318,347,-76

0,506,437,367,432,-78

0,507,438,418,467,-78

0,508,439,471,509,-80

0,509,440,519,548,-80

0,510,441,569,631,-81

0,511,442,622,672,-81

0,512,443,670,709,-78

0,513,444,719,748,-78

0,514,445,769,831,-78

0,515,446,823,867,-78

0,516,447,873,906,-77

0,517,448,922,950,-77

0,518,449,972,33,-77

0,519,450,24,66,-77

0,520,451,73,110,-77

0,521,452,123,187,-77

0,522,453,173,233,-77

0,523,454,225,266,-77

0,524,455,274,310,-77

0,525,456,325,391,-77

0,526,457,375,429,-77

0,527,458,426,470,-77

0,528,459,476,508,-77

0,529,460,526,590,-77

0,530,461,577,630,-77

0,531,462,627,669,-77

0,532,463,676,707,-77

0,533,464,726,789,-76

0,534,465,776,833,-77

0,535,466,827,867,-77

0,536,467,876,906,-77

0,537,468,926,989,-77

0,538,469,976,32,-77

0,539,470,28,67,-76

0,540,471,77,108,-76

0,541,472,128,189,-76

0,542,473,177,229,-76

0,543,474,227,267,-76

0,544,475,278,305,-76

0,545,476,327,390,-76

0,546,477,379,430,-76

0,547,478,428,468,-76

0,548,479,478,508,-76

0,549,480,529,591,-76

0,550,481,581,628,-76

0,551,482,630,668,-76

0,552,483,680,749,-76

0,553,484,730,794,-76

0,554,485,783,826,-76

0,555,486,832,867,-76

0,556,487,881,907,-76

0,557,488,932,991,-77

0,558,489,984,27,-77

0,559,490,33,68,-76

0,560,491,83,107,-76

0,561,492,133,191,-77

0,562,493,185,226,-77

0,563,494,234,267,-77

0,564,495,284,349,-77

0,565,496,334,392,-76

0,566,497,386,427,-76

0,567,498,434,467,-76

0,568,499,485,549,-76

0,569,500,536,592,-77

0,570,501,587,629,-77

0,571,502,637,670,-78

0,572,503,688,750,-78

0,573,504,739,792,-77

0,574,505,789,829,-77

0,575,506,838,870,-77

0,576,507,887,950,-78

0,577,508,937,991,-77

0,578,509,988,28,-77

0,579,510,41,113,-78

0,580,511,89,159,-78

0,581,512,142,188,-78

0,582,513,192,227,-78

0,583,514,240,269,-78

0,584,515,290,351,-78

0,585,516,341,388,-78

0,586,517,394,428,-78

0,587,518,440,467,-78

0,588,519,491,553,-78

0,589,520,544,590,-78

0,590,521,594,630,-77

0,591,522,643,669,-77

0,592,523,694,761,-78

0,593,524,746,790,-78

0,594,525,808,881,-77

0,595,526,845,913,-77

0,596,527,896,963,-77

0,597,528,960,28,-77

0,599,529,53,112,-77

0,600,530,104,147,-77

0,601,531,153,188,-77

0,602,532,203,267,-76

0,603,533,253,312,-77

0,604,534,305,348,-77

0,605,535,354,388,-77

0,606,536,404,469,-76

0,607,537,454,514,-76

0,608,538,506,548,-76

0,609,539,555,588,-76

0,610,540,606,670,-76

0,611,541,656,710,-76

0,612,542,707,749,-76

0,613,543,756,787,-76

0,614,544,806,869,-76

0,615,545,857,915,-76

0,616,546,912,963,-77

0,617,547,960,27,-76

0,618,548,10,72,-76

0,619,549,60,109,-76

0,620,550,112,147,-77

0,621,551,160,186,-77

0,622,552,210,272,-76

0,623,553,263,308,-76

0,624,554,312,347,-76

0,625,555,362,427,-76

0,626,556,412,483,-76

0,627,557,464,509,-76

0,628,558,513,548,-76

0,629,559,563,632,-76

0,630,560,614,673,-76

0,631,561,665,709,-76

0,632,562,714,750,-76

0,633,563,765,831,-76

0,634,564,815,875,-76

0,635,565,867,906,-76

0,636,566,916,947,-76

0,637,567,966,31,-76

0,638,568,17,71,-76

0,639,569,68,110,-76

0,640,570,118,150,-76

0,641,571,168,230,-76

0,642,572,220,266,-76

0,643,573,270,310,-76

0,644,574,320,348,-76

0,645,575,371,433,-75

0,646,576,424,467,-75

0,647,577,472,507,-75

0,648,578,521,547,-75

0,649,579,572,635,-75

0,650,580,626,668,-75

0,651,581,675,709,-75

0,652,582,725,788,-75

0,653,583,776,830,-75

0,654,584,827,869,-76

0,655,585,877,907,-76

0,656,586,926,989,-74

0,657,587,976,31,-74

0,658,588,28,70,-74

0,659,589,78,111,-75

0,660,590,127,193,-75

0,661,591,177,229,-75

0,662,592,228,270,-75

0,663,593,277,307,-75

0,664,594,327,390,-75

0,665,595,378,426,-75

0,666,596,430,470,-75

0,667,597,479,507,-75

0,668,598,529,592,-76

0,669,599,582,633,-76

0,670,600,631,666,-76

0,671,601,680,709,-76

0,672,602,730,792,-76

0,673,603,781,826,-76

0,674,604,832,868,-76

0,675,605,882,906,-76

0,676,606,933,991,-76

0,677,607,985,27,-76

0,678,608,34,69,-76

0,679,609,84,148,-75

0,680,610,135,195,-75

0,681,611,186,227,-75

0,682,612,235,270,-75

0,683,613,285,349,-76

0,684,614,335,396,-76

0,685,615,387,431,-76

0,686,616,437,468,-76

0,687,617,486,549,-76

0,688,618,537,591,-76

0,689,619,588,629,-76

0,690,620,638,668,-76

0,691,621,688,752,-76

0,692,622,739,789,-76

0,693,623,791,828,-76

0,694,624,839,868,-76

0,695,625,890,952,-76

0,696,626,944,987,-76

0,697,627,993,31,-75

0,698,628,41,81,-75

0,699,629,100,153,-75

0,700,630,150,186,-75

0,701,631,200,267,-76

0,702,632,251,312,-76

0,703,633,304,348,-75

0,704,634,353,389,-75

0,705,635,402,427,-76

0,706,636,453,513,-76

0,707,637,505,550,-76

0,708,638,554,587,-76

0,709,639,603,629,-76

0,710,640,653,711,-75

0,711,641,705,746,-76

0,712,642,754,786,-76

0,713,643,804,868,-75

0,714,644,854,915,-75

0,715,645,907,949,-75

0,716,646,958,988,-75

0,717,647,8,70,-76

0,718,648,58,110,-76

0,719,649,108,150,-76

0,720,650,157,190,-76

0,721,651,207,271,-75

0,722,652,257,311,-75

0,723,653,308,351,-76

0,724,654,357,389,-76

0,725,655,408,470,-76

0,726,656,458,510,-76

0,727,657,508,546,-76

0,728,658,559,586,-76

0,729,659,608,671,-76

0,730,660,658,707,-76

0,731,661,711,746,-76

0,732,662,759,787,-76

0,733,663,809,870,-75

0,734,664,861,929,-75

0,735,665,918,989,-75

0,737,666,11,73,-75

0,738,667,64,107,-75

0,739,668,113,150,-75

0,740,669,162,187,-75

0,741,670,211,273,-75

0,742,671,264,306,-75

0,743,672,312,348,-75

0,744,673,361,388,-75

0,745,674,411,471,-75

0,746,675,463,507,-75

0,747,676,512,548,-75

0,748,677,562,587,-76

0,749,678,613,673,-76

0,750,679,665,706,-74

0,751,680,713,748,-74

0,752,681,763,786,-75

0,753,682,813,875,-75

0,754,683,867,909,-76

0,755,684,915,949,-76

0,756,685,965,29,-76

0,757,686,15,70,-76

0,758,687,67,109,-76

0,759,688,116,148,-76

0,760,689,167,231,-76

0,761,690,220,272,-76

0,762,691,268,308,-76

0,763,692,317,348,-76

0,764,693,367,431,-76

0,765,694,418,470,-76

0,766,695,468,507,-76

0,767,696,519,549,-76

0,768,697,568,630,-75

0,769,698,620,679,-75

0,770,699,671,709,-75

0,771,700,719,746,-75

0,772,701,769,831,-76

0,773,702,822,868,-76

0,774,703,872,909,-76

0,775,704,920,949,-76

0,776,705,970,31,-76

0,777,706,23,68,-76

0,778,707,72,107,-76

0,779,708,121,147,-75

0,780,709,171,233,-76

0,781,710,224,267,-76

0,782,711,274,307,-76

0,783,712,323,347,-76

0,784,713,372,433,-76

0,785,714,425,469,-76

0,786,715,474,508,-76

0,787,716,523,550,-76

0,788,717,573,633,-76

0,789,718,624,668,-76

0,790,719,674,710,-76

0,791,720,723,748,-76

0,792,721,773,833,-76

0,793,722,825,867,-76

0,794,723,873,906,-76

0,795,724,923,947,-76

0,796,725,974,31,-76

0,797,726,26,70,-75

0,798,727,75,107,-75

0,799,728,124,188,-75

0,800,729,175,234,-75

0,801,730,226,269,-75

0,802,731,275,309,-75

0,803,732,325,398,-75

0,804,733,376,434,-75

0,805,734,431,507,-76

0,807,735,531,591,-75

0,808,736,583,627,-75

0,809,737,632,668,-75

0,810,738,681,708,-75

0,811,739,732,792,-75

0,812,740,784,828,-75

0,813,741,833,867,-76

0,814,742,882,907,-76

0,815,743,933,993,-76

0,816,744,985,27,-76

0,817,745,35,66,-75

0,818,746,85,152,-75

0,819,747,135,191,-76

0,820,748,188,227,-76

0,821,749,237,268,-76

0,822,750,287,351,-76

0,823,751,338,392,-76

0,824,752,389,429,-76

0,825,753,439,470,-76

0,826,754,489,552,-76

0,827,755,543,593,-76

0,828,756,591,630,-76

0,829,757,641,671,-76

0,830,758,692,754,-76

0,831,759,745,789,-77

0,832,760,793,828,-77

0,833,761,843,868,-77

0,834,762,894,955,-77

0,835,763,947,987,-78

0,836,764,994,29,-78

0,837,765,45,122,-78

0,838,766,96,177,-78

0,839,767,161,192,-78

0,840,768,209,271,-78

0,841,769,264,308,-77

0,842,770,313,346,-77

0,843,771,362,389,-77

0,844,772,412,472,-77

0,845,773,465,506,-77

0,846,774,513,548,-77

0,847,775,563,586,-77

0,848,776,613,673,-77

0,849,777,666,707,-79

0,850,778,714,748,-79

0,851,779,764,826,-72

0,852,780,814,869,-72

0,853,781,866,906,-70

0,854,782,915,947,-70

0,855,783,965,28,-69

0,856,784,15,69,-69

0,857,785,66,111,-68

0,858,786,116,147,-68

0,859,787,167,232,-67

0,860,788,218,270,-67

0,861,789,268,310,-67

0,862,790,319,346,-67

0,863,791,368,430,-67

0,864,792,418,467,-67

0,865,793,471,508,-67

0,866,794,519,548,-67

0,867,795,570,632,-67

0,868,796,623,667,-67

0,869,797,672,709,-67

0,870,798,721,750,-67

0,871,799,772,835,-67

0,872,800,826,868,-67

0,873,801,874,910,-67

0,874,802,923,946,-67

0,875,803,974,32,-67

0,876,804,26,67,-67

0,877,805,75,106,-67

0,878,806,125,187,-67

0,879,807,175,237,-67

0,880,808,228,268,-67

0,881,809,276,311,-67

0,882,810,326,388,-67

0,883,811,377,431,-67

0,884,812,428,468,-67

0,885,813,478,506,-67

0,886,814,527,589,-67

0,887,815,577,633,-67

0,888,816,630,669,-67

0,889,817,679,709,-67

0,890,818,730,793,-67

0,891,819,784,837,-67

0,892,820,835,868,-67

0,893,821,884,948,-67

0,894,822,934,992,-67

0,895,823,986,28,-67

0,896,824,35,67,-67

0,897,825,85,149,-67

0,898,826,135,193,-67

0,899,827,187,229,-67

0,900,828,236,267,-67

0,901,829,286,348,-67

0,902,830,336,391,-67

0,903,831,388,429,-67

0,904,832,438,466,-67

0,905,833,489,551,-67

0,906,834,540,593,-67

0,907,835,590,627,-67

0,908,836,639,668,-67

0,909,837,690,751,-67

0,910,838,743,787,-67

0,911,839,792,826,-67

0,912,840,841,868,-67

0,913,841,891,953,-67

0,914,842,944,988,-67

0,915,843,993,32,-67

0,916,844,43,66,-67

0,917,845,93,154,-67

0,918,846,144,187,-67

0,919,847,193,230,-67

0,920,848,245,308,-67

0,921,849,295,350,-67

0,922,850,347,388,-67

0,923,851,396,426,-67

0,924,852,446,508,-67

0,925,853,496,549,-67

0,926,854,547,590,-67

0,927,855,596,627,-67

0,928,856,646,708,-67

0,929,857,696,751,-67

0,930,858,748,792,-67

0,931,859,798,828,-67

0,932,860,849,911,-67

0,933,861,899,960,-67

0,934,862,957,989,-67

0,935,863,998,30,-67

0,936,864,49,114,-67

0,937,865,99,146,-67

0,938,866,150,188,-67

0,939,867,199,230,-67

0,940,868,249,312,-67

0,941,869,300,347,-67

0,942,870,352,390,-67

0,943,871,401,431,-67

0,944,872,451,512,-67

0,945,873,505,550,-67

0,946,874,554,589,-67

0,947,875,603,626,-67

0,948,876,654,711,-67

0,949,877,705,748,-67

0,950,878,755,789,-67

0,951,879,806,869,-67

0,952,880,856,911,-67

0,953,881,908,948,-67

0,954,882,957,989,-67

0,955,883,7,70,-67

0,956,884,57,110,-67

0,957,885,108,150,-67

0,958,886,159,190,-67

0,959,887,209,272,-67

0,960,888,259,308,-67

0,961,889,313,348,-67

0,962,890,366,430,-67

0,963,891,412,472,-67

0,964,892,464,506,-67

0,965,893,513,548,-67

0,966,894,563,587,-67

0,967,895,615,670,-67

0,968,896,667,708,-67

0,969,897,717,750,-67

0,970,898,767,828,-67

0,971,899,817,870,-67

0,972,900,867,906,-67

0,973,901,917,947,-67

0,974,902,967,29,-67

0,975,903,18,71,-67

0,976,904,68,109,-67

0,977,905,118,150,-67

0,978,906,167,230,-67

0,979,907,217,270,-67

0,980,908,268,309,-67

0,981,909,318,348,-67

0,982,910,368,431,-67

0,983,911,421,470,-67

0,984,912,468,508,-67

0,985,913,519,548,-67

0,986,914,569,633,-67

0,987,915,623,667,-67

0,988,916,672,709,-67

0,989,917,720,751,-67

0,990,918,771,833,-67

0,991,919,824,868,-66

0,992,920,873,908,-66

0,993,921,922,947,-66

0,994,922,972,33,-66

0,995,923,24,68,-66

0,996,924,74,108,-66

0,997,925,123,146,-66

0,998,926,173,234,-66

0,999,927,226,273,-66

0,1000,928,276,309,-66

0,1001,929,325,390,-66

0,1002,930,375,435,-66

0,1003,931,427,468,-66

0,1004,932,476,508,-66

0,1005,933,526,587,-66

0,1006,934,576,633,-66

0,1007,935,630,668,-66

0,1008,936,679,709,-66

0,1009,937,730,793,-66

0,1010,938,783,830,-66

0,1011,939,832,870,-66

0,1012,940,880,910,-66

0,1013,941,930,993,-66

0,1014,942,980,34,-66

0,1015,943,31,69,-66

0,1016,944,80,109,-66

0,1017,945,130,193,-66

0,1018,946,180,230,-66

0,1019,947,232,269,-66

0,1020,948,280,310,-67

0,1021,949,331,393,-67

0,1022,950,380,428,-66

0,1023,951,432,469,-66

0,1024,952,480,509,-66

0,1025,953,531,594,-66

0,1026,954,584,633,-67

0,1027,955,632,667,-67

0,1028,956,681,709,-66

0,1029,957,731,791,-66

0,1030,958,783,827,-67

0,1031,959,832,868,-67

0,1032,960,881,908,-67

0,1033,961,931,993,-67

0,1034,962,984,27,-67

0,1035,963,32,70,-67

0,1036,964,81,108,-67

0,1037,965,132,192,-67

0,1038,966,184,228,-67

0,1039,967,233,269,-67

0,1040,968,282,310,-67

0,1041,969,332,395,-66

0,1042,970,384,428,-66

0,1043,971,433,471,-66

0,1044,972,483,508,-66

0,1045,973,533,592,-67

0,1046,974,584,631,-67

0,1047,975,634,669,-67

0,1048,976,683,708,-67

0,1049,977,733,792,-66

0,1050,978,786,826,-66

0,1051,979,834,868,-66

0,1052,980,885,948,-67

0,1053,981,935,990,-67

0,1054,982,987,27,-67

0,1055,983,36,68,-67

0,1056,984,86,150,-67

0,1057,985,137,189,-67

0,1058,986,187,230,-67

0,1059,987,237,272,-67

0,1060,988,288,352,-67

0,1061,989,339,387,-67

0,1062,990,392,428,-67

0,1063,991,440,468,-67

0,1064,992,490,552,-67

0,1065,993,542,588,-67

0,1066,994,592,629,-67

0,1067,995,640,668,-67

0,1068,996,691,752,-67

0,1069,997,742,788,-67

0,1070,998,792,830,-67

0,1071,999,841,869,-67

0,1072,1000,890,953,-67

0,1073,1001,941,989,-67

0,1074,1002,993,31,-67

0,1075,1003,42,68,-67

0,1076,1004,92,155,-67

0,1077,1005,146,188,-67

0,1078,1006,194,229,-67

0,1079,1007,244,307,-67

0,1080,1008,294,354,-67

0,1081,1009,345,389,-67

0,1082,1010,395,427,-67

0,1083,1011,445,507,-67

0,1084,1012,496,553,-67

0,1085,1013,548,591,-67

0,1086,1014,596,628,-67

0,1087,1015,646,709,-67

0,1088,1016,697,746,-67

0,1089,1017,750,789,-67

0,1090,1018,798,828,-67

0,1091,1019,849,914,-67

0,1092,1020,905,948,-67

0,1093,1021,953,988,-67

0,1094,1022,2,68,-67

0,1095,1023,52,113,-67

0,1096,1024,105,148,-67

0,1097,1025,153,190,-67

0,1098,1026,203,229,-67

0,1099,1027,254,312,-67

0,1100,1028,306,347,-67

0,1101,1029,355,389,-67

0,1102,1030,405,468,-67

0,1103,1031,455,510,-67

0,1104,1032,507,547,-67

0,1105,1033,556,588,-67

0,1106,1034,606,669,-67

0,1107,1035,656,713,-67

0,1108,1036,707,748,-67

0,1109,1037,756,792,-67

0,1110,1038,807,870,-67

0,1111,1039,857,912,-67

0,1112,1040,909,948,-67

0,1113,1041,957,988,-67

0,1114,1042,7,70,-67

0,1115,1043,58,117,-67

0,1116,1044,109,148,-66

0,1117,1045,158,187,-66

0,1118,1046,208,271,-69

0,1119,1047,259,312,-69

0,1120,1048,309,350,-67

0,1121,1049,358,392,-67

0,1122,1050,408,472,-67

0,1123,1051,458,511,-67

0,1124,1052,509,549,-67

0,1125,1053,559,590,-67

0,1126,1054,608,671,-68

0,1127,1055,658,716,-68

0,1128,1056,710,750,-70

0,1129,1057,759,789,-70

0,1130,1058,809,871,-71

0,1131,1059,861,909,-71

0,1132,1060,911,949,-70

0,1133,1061,959,988,-70

0,1134,1062,10,73,-70

0,1135,1063,64,108,-70

0,1136,1064,113,151,-70

0,1137,1065,163,189,-70

0,1138,1066,214,273,-70

0,1139,1067,266,309,-70

0,1140,1068,315,350,-70

0,1141,1069,365,432,-70

0,1142,1070,415,474,-70

0,1143,1071,466,510,-70

0,1144,1072,516,551,-69

0,1145,1073,567,631,-69

0,1146,1074,617,671,-69

0,1147,1075,668,709,-69

0,1148,1076,717,750,-69

0,1149,1077,768,831,-69

0,1150,1078,820,872,-69

0,1151,1079,869,907,-69

0,1152,1080,918,951,-69

0,1153,1081,968,30,-69

0,1154,1082,19,70,-69

0,1155,1083,69,108,-69

0,1156,1084,118,148,-69

0,1157,1085,169,231,-68

0,1158,1086,220,268,-67

0,1159,1087,272,308,-67

0,1160,1088,320,348,-67

0,1161,1089,371,433,-67

0,1162,1090,423,468,-68

0,1163,1091,472,509,-68

0,1164,1092,522,550,-68

0,1165,1093,572,634,-68

0,1166,1094,626,933,-68

0,1167,1095,684,34,-67

0,1168,1096,935,49,-67

0,1169,1097,985,72,-67

t,s,l,time,newtime,rssi
0,0,1099,0,603,-69

0,0,1100,0,637,-69

0,0,1101,0,675,-69

0,0,1102,0,610,-67

0,0,1103,0,640,-67

0,0,1104,0,682,-67

0,0,1105,0,569,-67

0,0,1106,0,606,-66

0,0,1107,0,647,-66

0,0,1108,0,685,-66

0,0,1109,0,585,-75

0,0,1110,0,624,-75

0,0,1111,0,669,-74

0,0,1112,0,702,-74

0,0,1113,0,575,-71

0,0,1114,0,618,-71

0,0,1115,0,655,-71

0,0,1116,0,694,-71

